72572 SLC Salt Lake City Observations at 00Z 19 Jun 2015

-----------------------------------------------------------------------------
   PRES   HGHT   TEMP   DWPT   RELH   MIXR   DRCT   SKNT   THTA   THTE   THTV
    hPa     m      C      C      %    g/kg    deg   knot     K      K      K 
-----------------------------------------------------------------------------
 1000.0     11                                                               
  925.0    718                                                               
  868.0   1289   35.8    1.8     12   5.05    340      8  321.7  338.5  322.7
  850.0   1476   32.6    1.6     14   5.08    325     11  320.3  337.1  321.3
  836.0   1624   30.2    2.2     17   5.39    319     11  319.3  337.0  320.3
  816.6   1829   28.3    1.2     17   5.15    310     10  319.4  336.4  320.4
  788.4   2134   25.5   -0.2     18   4.81    305      6  319.6  335.6  320.6
  761.3   2438   22.7   -1.6     20   4.49    275      7  319.8  334.7  320.7
  735.1   2743   19.9   -3.0     21   4.19    255      6  320.0  333.9  320.8
  700.0   3168   16.0   -5.0     23   3.78    210      9  320.2  332.8  320.9
  661.0   3650   11.2   -6.8     28   3.49    171     14  320.1  331.8  320.7
  660.4   3658   11.2   -7.1     27   3.42    170     14  320.1  331.6  320.8
  653.0   3751   10.6  -10.4     22   2.67    171     15  320.5  329.6  321.0
  612.9   4267    5.6  -11.6     28   2.58    175     19  320.6  329.4  321.1
  568.6   4877   -0.2  -13.0     37   2.48    190     19  320.7  329.1  321.2
  561.0   4987   -1.3  -13.3     40   2.46    195     19  320.7  329.1  321.1
  559.0   5015   -1.3  -14.3     37   2.27    197     19  321.0  328.8  321.4
  555.0   5073    0.6  -19.4     21   1.49    199     19  323.9  329.2  324.2
  549.0   5160    0.4  -22.6     16   1.14    204     18  324.7  328.8  324.9
  500.0   5900   -5.7  -23.7     23   1.14    240     17  326.0  330.2  326.2
  487.6   6096   -7.6  -24.6     24   1.07    245     17  326.1  330.0  326.3
  474.0   6316   -9.7  -25.7     26   1.00    250     17  326.1  329.8  326.3
  437.0   6937  -15.7  -24.7     46   1.19    264     19  326.1  330.5  326.4
  421.0   7218  -18.1  -27.1     45   0.99    271     19  326.6  330.2  326.8
  413.0   7361  -18.1  -37.1     17   0.39    274     20  328.4  329.9  328.4
  406.0   7489  -19.1  -34.1     25   0.53    277     20  328.7  330.7  328.8
  400.0   7600  -19.3  -36.3     21   0.43    280     20  329.8  331.5  329.9
  398.9   7620  -19.4  -36.9     20   0.41    280     20  329.9  331.5  330.0
  392.0   7750  -20.1  -41.1     14   0.27    280     21  330.7  331.8  330.7
  369.0   8194  -23.3  -50.3      7   0.10    282     23  332.2  332.6  332.2
  362.0   8334  -24.5  -37.5     29   0.42    282     24  332.4  334.1  332.5
  353.0   8516  -26.1  -36.1     39   0.50    283     25  332.6  334.6  332.8
  343.0   8723  -27.5  -39.5     31   0.36    284     26  333.5  334.9  333.6
  323.2   9144  -31.0  -43.4     28   0.26    285     29  334.4  335.5  334.5
  300.0   9670  -35.3  -48.3     25   0.16    285     27  335.5  336.2  335.5
  299.0   9693  -35.5  -48.5     25   0.16    285     27  335.5  336.2  335.6
  253.0  10831  -45.1  -54.1     36   0.10    285     31  337.7  338.1  337.8
  250.0  10910  -45.9  -54.9     35   0.09    285     31  337.7  338.1  337.7
  230.0  11460  -49.9  -60.9     26   0.05    285     31  339.8  339.9  339.8
  200.0  12360  -56.9  -65.9     31   0.03    285     32  342.5  342.6  342.5
  186.0  12817  -60.5  -69.5     30   0.02    291     35  343.9  343.9  343.9
  178.0  13091  -62.1  -71.1     29   0.01    295     37  345.6  345.6  345.6
  172.0  13303  -62.3  -71.3     29   0.01    292     37  348.6  348.7  348.7
  169.0  13412  -61.7  -72.7     22   0.01    290     37  351.4  351.5  351.4
  159.0  13790  -63.3  -75.3     18   0.01    285     36  354.9  354.9  354.9
  150.0  14150  -61.7  -75.7     14   0.01    280     36  363.6  363.6  363.6
  144.0  14403  -60.9  -76.9     10   0.01    275     39  369.2  369.3  369.2
  138.8  14630  -61.4  -79.3      8   0.01    270     42  372.2  372.3  372.2
  136.0  14756  -61.7  -80.7      6   0.00    270     42  373.9  373.9  373.9
  131.0  14988  -60.9  -81.9      5   0.00    270     42  379.4  379.4  379.4
  125.8  15240  -62.7  -83.7      4   0.00    270     42  380.5  380.6  380.5
  123.0  15376  -63.7  -84.7      4   0.00    269     40  381.2  381.2  381.2
  115.0  15786  -65.3  -86.3      4   0.00    266     34  385.6  385.6  385.6
  113.8  15850  -65.0  -86.2      4   0.00    265     33  387.2  387.2  387.2
  108.3  16154  -63.8  -85.6      4   0.00    270     19  395.1  395.1  395.1
  107.0  16226  -63.5  -85.5      4   0.00    266     20  397.0  397.0  397.0
  100.0  16640  -64.1  -86.1      4   0.00    245     24  403.6  403.6  403.6
   82.2  17834  -67.3  -89.3      3   0.00    198      7  420.3  420.3  420.3
   81.1  17916  -64.7  -88.7      2   0.00    195      6  427.3  427.3  427.3
   77.1  18225  -64.9  -88.9      2   0.00    182      2  433.1  433.1  433.1
   76.3  18288  -64.3  -88.6      2   0.00    180      1  435.6  435.7  435.6
   74.6  18428  -62.9  -87.9      2   0.00    181      4  441.4  441.4  441.4
   70.0  18820  -63.5  -88.5      2   0.00    185     11  448.2  448.2  448.2
   69.1  18898  -63.6  -88.6      2   0.00    210     10  449.6  449.6  449.6
   68.3  18970  -63.7  -88.7      2   0.00    206     10  450.9  450.9  450.9
   64.8  19293  -62.3  -89.3      2   0.00    190     11  460.8  460.8  460.8
   62.3  19537  -59.1  -88.1      1   0.00    178     12  473.1  473.1  473.1
   54.0  20422  -59.9  -88.9      1   0.00    135     15  490.8  490.8  490.8
   52.6  20592  -60.1  -89.1      1   0.00    126     13  494.2  494.2  494.2
   51.7  20700  -58.1  -88.1      1   0.00    121     12  501.3  501.3  501.3
   50.0  20910  -57.5  -87.5      1   0.00    110      9  507.5  507.6  507.5
   47.1  21286  -59.5  -88.5      1   0.00    150      5  511.5  511.5  511.5
   46.7  21336  -59.5  -88.5      1   0.00    155      5  512.7  512.7  512.7
   43.7  21756  -59.3  -88.3      1   0.00    103      2  523.0  523.1  523.0
   42.4  21946  -58.5  -88.1      1   0.00     80      1  529.6  529.6  529.6
   39.7  22362  -56.7  -87.7      1   0.00     82      6  544.1  544.2  544.1
   37.2  22774  -57.7  -87.7      1   0.00     83     11  551.8  551.8  551.8
   35.0  23165  -55.4  -86.9      1   0.01     85     15  567.7  567.7  567.7
   34.4  23272  -54.7  -86.7      1   0.01     89     12  572.1  572.2  572.1
   33.4  23470  -54.6  -86.8      1   0.01     95      7  577.4  577.5  577.4
   31.8  23774  -54.5  -87.0      1   0.01    100     15  585.6  585.7  585.7
   30.0  24150  -54.3  -87.3      1   0.01     70     15  596.0  596.1  596.0
   28.9  24384  -54.3  -86.4      1   0.01     60     18  602.3  602.3  602.3
   28.8  24412  -54.3  -86.3      1   0.01     63     19  603.0  603.1  603.0
   27.6  24689  -52.1  -84.9      1   0.01     90     30  616.7  616.8  616.7
   27.4  24733  -51.7  -84.7      1   0.01     90     29  618.9  619.0  618.9
   25.3  25251  -51.1  -85.1      1   0.01     95     19  634.9  635.0  634.9
   25.1  25298  -50.9  -85.0      1   0.01     95     18  636.8  636.9  636.8
   22.2  26108  -47.3  -82.3      1   0.02     99     25  670.3  670.5  670.3
   21.9  26213  -47.1  -82.2      1   0.02    100     26  673.8  674.0  673.8
   20.9  26518  -46.7  -81.7      1   0.02    120     22  684.1  684.3  684.1
   20.0  26800  -46.3  -81.3      1   0.03    110     18  693.7  694.0  693.7
   18.2  27432  -45.5  -80.9      1   0.03     80     22  715.2  715.6  715.3
   16.6  28042  -44.7  -80.5      1   0.04    105     16  736.7  737.1  736.7
   15.9  28346  -44.3  -80.3      1   0.04     80     22  747.6  748.1  747.6
   15.8  28372  -44.3  -80.3      1   0.04     80     22  748.5  749.0  748.6
   14.5  28956  -42.0  -78.0      1   0.06     70     19  775.0  775.7  775.0
   14.2  29091  -41.5  -77.5      1   0.07     70     21  781.2  782.0  781.2
   13.2  29566  -41.6  -77.6      1   0.07     70     29  796.7  797.6  796.7
   12.1  30175  -41.7  -77.7      1   0.08     95     32  817.0  818.0  817.1
   12.0  30232  -41.7  -77.7      1   0.08     99     31  819.0  819.9  819.0
   11.6  30480  -40.3  -76.8      1   0.10    115     26  832.5  833.7  832.6
   11.1  30785  -38.7  -75.7      1   0.12     95     23  849.1  850.6  849.2
   11.1  30763  -38.7  -75.7      1   0.12     96     23  848.3  849.7  848.3
   10.6  31090  -38.4  -75.9      1   0.12     85     21  860.9  862.4  860.9
   10.0  31480  -38.1  -76.1      1   0.12     85     26  876.2  877.8  876.2
    9.3  32004  -36.7  -74.7      1   0.17     75     36  900.8  903.0  900.9
    8.9  32286  -35.9  -73.9      1   0.19                914.3  916.9  914.4
Station information and sounding indices
                         Station identifier: SLC
                             Station number: 72572
                           Observation time: 150619/0000
                           Station latitude: 40.77
                          Station longitude: -111.95
                          Station elevation: 1289.0
                            Showalter index: 2.42
                               Lifted index: 2.37
    LIFT computed using virtual temperature: 1.88
                                SWEAT index: 58.19
                                    K index: 18.90
                         Cross totals index: 7.30
                      Vertical totals index: 38.30
                        Totals totals index: 45.60
      Convective Available Potential Energy: 37.09
             CAPE using virtual temperature: 58.54
                      Convective Inhibition: -156.96
             CINS using virtual temperature: -107.27
                           Equilibrum Level: 400.95
 Equilibrum Level using virtual temperature: 395.43
                   Level of Free Convection: 455.01
             LFCT using virtual temperature: 461.52
                     Bulk Richardson Number: 1.32
          Bulk Richardson Number using CAPV: 2.09
  Temp [K] of the Lifted Condensation Level: 268.91
Pres [hPa] of the Lifted Condensation Level: 543.47
     Mean mixed layer potential temperature: 320.09
              Mean mixed layer mixing ratio: 5.19
              1000 hPa to 500 hPa thickness: 5889.00
Precipitable water [mm] for entire sounding: 14.29

Description of the 
data columns
or sounding indices.







Interested in graduate studies in atmospheric science?
Check out our program at the
University of Wyoming


Questions about the weather data provided by this site can be
addressed to 
Larry Oolman (ldoolman@uwyo.edu)


<!--
window.focus();
// -->




