
SNPARM = PRES;TMPC;TMWC;DWPC;THTE;DRCT;SKNT;OMEG;CFRL;HGHT
STNPRM = SHOW;LIFT;SWET;KINX;LCLP;PWAT;TOTL;CAPE;LCLT;CINS;EQLV;LFCT;BRCH

STID = KSLC STNM = 725720 TIME = 150618/1100
SLAT = 40.78 SLON = -111.97 SELV = 1273
STIM = 0

SHOW = 7.20 LIFT = 6.76 SWET = 201.91 KINX = 6.26
LCLP = 744.69 PWAT = 12.83 TOTL = 36.58 CAPE = 0.00
LCLT = 280.10 CINS = 0.00 EQLV = -9999.00 LFCT = -9999.00
BRCH = 0.00

PRES TMPC TMWC DWPC THTE DRCT SKNT OMEG
CFRL HGHT
870.80 19.74 13.34 9.25 330.45 164.74 6.65 0.00
-9999.00 1281.89
868.20 21.74 11.81 4.17 325.62 157.89 13.43 0.00
-9999.00 1307.73
863.50 22.34 10.96 1.25 323.51 157.27 15.60 0.00
-9999.00 1354.78
855.40 22.24 10.63 0.50 323.64 153.43 15.65 0.00
-9999.00 1436.53
843.40 22.94 10.30 -1.25 324.21 150.95 16.01 0.00
-9999.00 1559.16
828.10 24.04 9.79 -4.42 324.62 161.38 18.87 0.00
-9999.00 1718.49
809.70 23.94 9.11 -6.62 325.19 168.96 16.24 0.00
-9999.00 1914.30
789.70 22.64 8.35 -6.95 326.09 174.29 9.77 0.00
-9999.00 2131.71
767.90 20.74 7.36 -7.13 326.72 180.00 4.86 0.00
-9999.00 2373.74
743.60 18.44 6.10 -7.64 327.09 194.04 1.60 0.00
-9999.00 2649.78
716.80 15.74 4.51 -8.56 327.16 302.01 1.83 0.00
-9999.00 2962.18
687.30 12.74 2.72 -9.56 327.34 295.20 3.65 0.00
-9999.00 3316.32
655.40 9.64 0.96 -9.97 328.35 260.91 4.92 0.00
-9999.00 3712.54
620.80 6.24 -1.04 -10.52 329.56 250.87 10.08 0.00
-9999.00 4159.56
583.70 2.34 -3.69 -12.28 330.05 255.07 18.11 0.00
-9999.00 4660.82
544.10 -2.06 -7.13 -15.62 329.82 257.62 24.48 0.00
-9999.00 5223.64
502.30 -6.86 -10.82 -18.61 330.36 260.88 26.97 0.00
-9999.00 5853.09
461.90 -12.06 -14.82 -21.21 330.98 264.04 26.19 0.00
-9999.00 6500.95
425.50 -16.96 -18.97 -24.69 331.41 266.28 23.96 0.00
-9999.00 7122.93
392.90 -21.76 -23.44 -29.87 331.29 266.96 22.00 0.00
-9999.00 7715.47
363.70 -26.16 -27.66 -35.77 331.59 264.49 22.26 0.00
-9999.00 8279.01
337.20 -30.16 -31.51 -41.81 332.56 264.29 23.44 0.00
-9999.00 8821.69
313.30 -33.86 -35.03 -47.39 333.98 268.20 24.70 0.00
-9999.00 9340.69
291.90 -37.56 -38.48 -51.06 335.32 275.96 26.19 0.00
-9999.00 9832.48
272.60 -41.56 -42.20 -53.20 336.04 281.77 28.59 0.00
-9999.00 10300.26
255.30 -45.36 -45.78 -54.62 336.73 281.38 31.53 0.00
-9999.00 10741.13
239.70 -48.76 -49.07 -57.20 337.65 280.54 34.01 0.00
-9999.00 11158.44
225.20 -51.86 -52.07 -58.93 338.92 281.43 35.30 0.00
-9999.00 11565.49
212.10 -54.36 -54.55 -62.54 340.79 282.16 35.99 0.00
-9999.00 11951.53
200.10 -56.36 -56.53 -65.13 343.29 281.62 35.72 0.00
-9999.00 12322.84
188.10 -57.96 -58.13 -68.52 346.78 280.56 35.00 0.00
-9999.00 12713.86
176.10 -59.36 -59.50 -68.99 351.07 279.84 34.13 0.00
-9999.00 13127.77
164.10 -60.66 -60.81 -74.23 355.98 279.41 33.30 0.00
-9999.00 13568.11
152.10 -61.86 -62.00 -74.74 361.73 278.08 33.18 0.00
-9999.00 14039.12
140.10 -62.76 -62.90 -75.28 368.74 275.97 33.62 0.00
-9999.00 14546.34
128.10 -63.36 -63.50 -75.86 377.20 272.98 33.67 0.00
-9999.00 15097.04
116.10 -63.86 -64.00 -76.50 387.02 268.27 32.28 0.00
-9999.00 15700.36
104.20 -63.96 -64.14 -102.33 398.90 261.76 28.48 0.00
-9999.00 16362.73
92.20 -64.26 -64.46 -102.89 412.48 251.72 22.31 0.00
-9999.00 17111.42
81.00 -64.66 -64.87 -103.49 427.19 244.65 16.35 0.00
-9999.00 17902.60
72.10 -64.46 -64.70 -104.01 442.05 247.57 13.25 0.00
-9999.00 18613.31
64.80 -63.16 -63.47 -104.49 458.56 261.35 9.04 0.00
-9999.00 19267.46
58.10 -61.26 -61.70 -104.98 477.35 286.39 3.44 0.00
-9999.00 19941.37
51.70 -59.26 -59.88 -105.50 498.17 90.00 4.28 0.00
-9999.00 20668.68
45.90 -58.16 -58.94 -106.03 518.03 97.52 10.39 0.00
-9999.00 21415.63
40.40 -57.36 -58.32 -106.58 539.25 99.13 11.02 0.00
-9999.00 22220.38
35.30 -56.06 -57.30 -107.17 563.80 93.47 12.85 0.00
-9999.00 23075.37
30.60 -54.76 -56.34 -84.72 590.87 92.15 15.56 0.00
-9999.00 23986.09
26.10 -52.76 -54.95 -85.65 623.98 91.35 16.53 0.00
-9999.00 25007.63
22.00 -49.76 -53.03 -86.63 664.08 91.29 17.30 0.00
-9999.00 26117.64

STID = KSLC STNM = 725720 TIME = 150618/1200
SLAT = 40.78 SLON = -111.97 SELV = 1273.00
STIM = 1

SHOW = 8.02 LIFT = 7.56 SWET = 214.02 KINX = 4.09
LCLP = 713.33 PWAT = 12.15 TOTL = 34.45 CAPE = 0.00
LCLT = 276.97 CINS = 0.00 EQLV = -9999.00 LFCT = -9999.00
BRCH = 0.00

PRES TMPC TMWC DWPC THTE DRCT SKNT OMEG
CFRL HGHT
870.70 20.04 12.23 6.69 326.78 142.52 7.35 0.10
-9999.00 1282.87
868.10 23.34 10.57 -1.36 321.50 151.19 13.31 0.40
-9999.00 1308.77
863.40 23.54 10.33 -2.42 321.37 164.62 16.13 0.60
-9999.00 1356.01
855.30 24.04 10.15 -3.72 321.83 171.47 19.66 0.70
-9999.00 1438.12
843.40 23.94 9.85 -4.42 322.62 168.21 18.07 0.50
-9999.00 1560.24
828.00 23.24 9.26 -5.28 323.09 167.01 15.56 0.40
-9999.00 1720.62
809.70 22.64 8.38 -7.51 323.15 170.86 17.13 0.50
-9999.00 1914.67
789.60 21.84 7.68 -8.57 324.13 178.51 14.97 0.70
-9999.00 2132.37
767.90 20.44 7.05 -7.95 325.81 187.13 7.84 0.60
-9999.00 2372.82
743.60 18.34 6.04 -7.68 326.95 135.00 1.37 0.30
-9999.00 2648.65
716.70 15.64 4.49 -8.47 327.12 37.87 2.22 0.20
-9999.00 2962.13
687.30 12.74 2.70 -9.61 327.31 341.57 1.23 0.30
-9999.00 3315.04
655.30 9.64 0.94 -10.02 328.33 239.42 4.97 0.20
-9999.00 3712.53
620.80 6.24 -1.20 -11.13 329.14 245.56 11.74 0.10
-9999.00 4158.27
583.70 2.34 -4.02 -13.54 329.23 250.84 19.55 0.20
-9999.00 4659.47
544.10 -2.06 -7.27 -16.21 329.49 254.62 24.19 0.30
-9999.00 5222.23
502.30 -6.96 -11.00 -19.16 329.97 256.37 26.40 0.30
-9999.00 5851.53
461.90 -12.06 -14.92 -21.67 330.78 258.77 25.96 0.10
-9999.00 6499.24
425.50 -16.96 -18.92 -24.42 331.51 261.29 24.38 0.00
-9999.00 7121.22
392.90 -21.76 -23.11 -27.85 331.88 261.33 23.20 0.00
-9999.00 7713.79
363.70 -26.16 -27.30 -32.64 332.24 259.91 23.30 0.00
-9999.00 8277.39
337.10 -30.16 -31.26 -38.48 333.04 259.05 24.55 0.00
-9999.00 8822.25
313.30 -33.86 -34.88 -44.26 334.25 262.98 25.46 0.00
-9999.00 9339.18
291.90 -37.56 -38.43 -49.73 335.40 271.25 26.64 0.00
-9999.00 9830.99
272.60 -41.56 -42.20 -53.20 336.04 275.37 29.09 0.00
-9999.00 10298.77
255.20 -45.36 -45.78 -54.63 336.77 275.32 31.43 0.10
-9999.00 10742.27
239.60 -48.86 -49.16 -57.20 337.54 276.59 33.85 0.10
-9999.00 11159.66
225.10 -51.96 -52.17 -58.93 338.81 278.44 35.76 0.10
-9999.00 11566.70
212.10 -54.46 -54.62 -60.82 340.68 279.61 36.08 0.10
-9999.00 11949.71
200.10 -56.26 -56.41 -62.98 343.49 279.25 35.06 0.10
-9999.00 12321.02
188.10 -57.76 -57.91 -65.59 347.15 277.85 34.14 0.00
-9999.00 12712.31
176.10 -59.06 -59.21 -68.99 351.56 276.59 33.85 -0.10
-9999.00 13126.71
164.10 -60.46 -60.59 -69.49 356.37 276.13 34.60 -0.20
-9999.00 13567.56
152.10 -61.86 -62.00 -74.74 361.73 276.27 35.59 -0.30
-9999.00 14038.80
140.10 -63.16 -63.29 -75.28 368.03 274.92 36.29 -0.30
-9999.00 14545.54
128.10 -64.26 -64.38 -75.86 375.58 272.77 36.20 -0.20
-9999.00 15094.54
116.10 -64.66 -64.79 -76.50 385.54 269.02 34.22 -0.10
-9999.00 15695.41
104.20 -64.66 -64.83 -102.33 397.56 262.87 29.78 -0.10
-9999.00 16355.40
92.20 -64.96 -65.14 -102.89 411.10 257.77 23.87 -0.10
-9999.00 17101.59
81.00 -64.86 -65.07 -103.49 426.78 258.57 17.65 0.00
-9999.00 17891.06
72.10 -64.06 -64.31 -104.01 442.89 258.86 13.08 0.00
-9999.00 18602.11
64.80 -62.56 -62.90 -104.49 459.87 264.81 8.59 0.10
-9999.00 19257.82
58.10 -60.46 -60.94 -104.98 479.15 258.69 0.99 0.00
-9999.00 19933.97
51.70 -59.36 -59.97 -105.50 497.94 107.97 7.56 0.00
-9999.00 20662.48
45.90 -58.06 -58.85 -106.03 518.27 97.59 8.82 0.00
-9999.00 21409.43
40.40 -56.86 -57.87 -106.58 540.50 95.01 11.12 0.00
-9999.00 22215.30
35.30 -55.86 -57.12 -107.17 564.32 98.67 11.60 0.00
-9999.00 23071.67
30.50 -54.66 -56.26 -84.74 591.70 96.09 14.66 0.00
-9999.00 24003.90
26.10 -52.86 -55.03 -85.65 623.70 81.98 13.94 0.00
-9999.00 25004.42
22.00 -49.26 -52.68 -86.63 665.57 79.58 17.19 0.00
-9999.00 26115.43

STID = KSLC STNM = 725720 TIME = 150618/1300
SLAT = 40.78 SLON = -111.97 SELV = 1273.00
STIM = 2

SHOW = 8.12 LIFT = 7.26 SWET = 198.88 KINX = 3.93
LCLP = 697.68 PWAT = 12.27 TOTL = 34.12 CAPE = 0.00
LCLT = 275.91 CINS = 0.00 EQLV = -9999.00 LFCT = -9999.00
BRCH = 0.00

PRES TMPC TMWC DWPC THTE DRCT SKNT OMEG
CFRL HGHT
871.30 20.84 12.20 5.94 326.55 194.04 0.80 0.00
-9999.00 1282.93
868.80 22.04 11.07 1.84 323.15 211.50 7.07 -0.40
-9999.00 1307.79
864.10 23.24 10.47 -1.49 321.76 200.14 12.42 -0.70
-9999.00 1354.89
855.90 23.84 9.89 -4.43 320.99 188.62 19.46 -0.70
-9999.00 1437.88
844.00 23.94 9.70 -5.07 322.05 179.12 12.64 -0.40
-9999.00 1559.85
828.60 22.84 9.53 -3.53 323.96 133.26 4.54 0.00
-9999.00 1720.03
810.30 21.94 8.79 -4.51 324.48 112.38 3.57 -0.20
-9999.00 1913.64
790.20 20.54 7.42 -7.21 323.51 181.19 9.33 -0.50
-9999.00 2130.51
768.40 19.64 6.41 -9.38 323.93 196.89 11.38 -0.40
-9999.00 2371.03
744.10 18.14 5.89 -7.99 326.43 186.34 1.76 -0.20
-9999.00 2646.18
717.20 15.34 4.44 -8.15 326.93 96.34 1.76 -0.10
-9999.00 2959.18
687.80 12.64 2.69 -9.50 327.19 203.20 1.48 0.10
-9999.00 3311.59
655.80 9.64 0.85 -10.39 328.00 223.53 5.36 0.20
-9999.00 3708.71
621.20 6.44 -1.31 -11.95 328.77 245.34 13.05 0.10
-9999.00 4155.56
584.10 2.44 -4.16 -14.36 328.80 250.07 18.82 -0.10
-9999.00 4656.65
544.50 -2.16 -7.56 -17.26 328.73 253.11 22.75 -0.30
-9999.00 5218.95
502.70 -7.16 -11.27 -19.86 329.31 254.43 24.62 -0.60
-9999.00 5847.37
462.20 -12.26 -15.08 -21.82 330.39 256.40 24.80 -0.70
-9999.00 6495.70
425.80 -17.16 -18.91 -23.72 331.46 259.15 23.75 -0.80
-9999.00 7116.78
393.20 -21.86 -23.00 -26.80 332.03 260.62 22.66 -0.60
-9999.00 7708.60
363.90 -26.16 -27.06 -30.94 332.62 259.17 22.76 -0.40
-9999.00 8273.69
337.40 -30.16 -31.03 -36.12 333.36 256.76 23.76 -0.20
-9999.00 8816.15
313.50 -33.86 -34.74 -42.17 334.42 259.41 24.32 0.00
-9999.00 9334.88
292.10 -37.66 -38.43 -47.50 335.35 264.25 25.20 0.10
-9999.00 9826.27
272.80 -41.66 -42.24 -51.64 335.91 265.94 27.48 0.20
-9999.00 10293.53
255.40 -45.36 -45.76 -53.74 336.74 267.10 30.75 0.20
-9999.00 10736.60
239.80 -48.86 -49.14 -56.11 337.50 268.98 32.66 0.20
-9999.00 11153.66
225.30 -52.06 -52.24 -57.69 338.62 271.65 33.84 0.20
-9999.00 11560.26
212.20 -54.46 -54.62 -60.82 340.63 273.22 34.65 0.20
-9999.00 11945.86
200.20 -56.06 -56.24 -65.13 343.72 274.09 35.47 0.10
-9999.00 12317.17
188.20 -57.46 -57.61 -65.58 347.58 275.44 36.90 0.00
-9999.00 12708.71
176.20 -58.86 -59.02 -68.99 351.83 276.69 38.36 -0.10
-9999.00 13123.35
164.20 -60.26 -60.40 -69.48 356.64 278.57 39.12 -0.20
-9999.00 13564.37
152.20 -61.86 -62.00 -74.73 361.66 280.02 39.08 -0.20
-9999.00 14035.53
140.20 -63.46 -63.58 -75.27 367.43 279.56 38.63 -0.20
-9999.00 14541.56
128.20 -64.86 -64.97 -75.86 374.42 277.05 38.00 -0.10
-9999.00 15088.97
116.20 -65.56 -65.67 -76.50 383.78 272.45 36.38 0.00
-9999.00 15687.19
104.20 -65.36 -65.51 -102.33 396.23 266.51 31.94 0.00
-9999.00 16349.88
92.20 -65.06 -65.24 -102.89 410.90 262.19 24.33 0.00
-9999.00 17094.64
81.10 -65.16 -65.36 -103.48 426.02 266.78 17.33 0.00
-9999.00 17875.84
72.10 -63.46 -63.73 -104.01 444.17 269.06 11.86 0.10
-9999.00 18594.94
64.80 -62.16 -62.51 -104.49 460.74 282.09 5.57 0.10
-9999.00 19252.22
58.10 -60.36 -60.85 -104.98 479.38 56.31 2.80 0.00
-9999.00 19929.17
51.70 -59.36 -59.97 -105.50 497.94 103.74 9.00 0.00
-9999.00 20657.84
45.90 -58.26 -59.03 -106.03 517.79 99.04 8.66 0.00
-9999.00 21404.44
40.40 -57.16 -58.14 -106.58 539.75 95.71 9.77 0.00
-9999.00 22209.38
35.30 -56.06 -57.30 -107.17 563.80 104.57 10.04 0.00
-9999.00 23064.77
30.60 -53.76 -55.51 -84.72 593.58 100.08 8.88 0.00
-9999.00 23977.58
26.10 -50.86 -53.48 -85.65 629.36 90.00 13.41 0.00
-9999.00 25005.87
22.00 -48.56 -52.18 -86.63 667.65 94.85 20.68 0.00
-9999.00 26123.63

STID = KSLC STNM = 725720 TIME = 150618/1400
SLAT = 40.78 SLON = -111.97 SELV = 1273.00
STIM = 3

SHOW = 7.96 LIFT = 7.00 SWET = 46.58 KINX = 3.47
LCLP = 709.02 PWAT = 12.32 TOTL = 34.23 CAPE = 0.00
LCLT = 278.50 CINS = 0.00 EQLV = -9999.00 LFCT = -9999.00
BRCH = 0.00

PRES TMPC TMWC DWPC THTE DRCT SKNT OMEG
CFRL HGHT
871.40 22.24 13.80 8.36 331.76 75.07 3.02 0.10
-9999.00 1281.97
868.80 22.64 11.78 3.19 325.36 119.36 3.57 0.10
-9999.00 1307.94
864.10 22.84 10.73 -0.09 322.63 168.69 7.93 -0.10
-9999.00 1355.06
855.90 24.14 9.90 -4.93 320.95 175.24 11.70 -0.30
-9999.00 1438.04
844.00 24.24 9.58 -6.18 321.60 173.12 11.36 -0.20
-9999.00 1560.13
828.60 22.64 9.09 -4.94 322.62 160.02 6.83 -0.10
-9999.00 1720.30
810.30 21.74 8.67 -4.67 324.14 137.60 6.05 -0.10
-9999.00 1913.76
790.20 19.74 7.53 -5.32 324.00 162.90 5.29 0.00
-9999.00 2130.28
768.40 19.04 6.24 -8.97 323.52 180.97 11.47 0.00
-9999.00 2370.27
744.10 17.64 5.44 -9.03 325.17 206.57 5.65 0.10
-9999.00 2644.89
717.20 15.34 4.38 -8.37 326.77 126.87 1.94 0.10
-9999.00 2957.59
687.80 12.84 2.76 -9.60 327.36 190.01 3.36 0.10
-9999.00 3310.12
655.80 9.74 0.90 -10.39 328.12 213.69 5.61 0.10
-9999.00 3707.45
621.20 6.14 -1.43 -11.85 328.48 241.39 9.74 0.00
-9999.00 4154.13
584.10 2.04 -4.34 -14.25 328.38 247.69 16.39 0.00
-9999.00 4654.60
544.50 -2.46 -7.71 -17.20 328.40 249.19 20.79 -0.20
-9999.00 5216.19
502.70 -7.46 -11.52 -20.16 328.80 250.67 23.48 -0.30
-9999.00 5843.90
462.20 -12.56 -15.36 -22.22 329.84 253.61 24.11 -0.40
-9999.00 6491.48
425.80 -17.36 -19.07 -23.80 331.16 257.84 23.07 -0.40
-9999.00 7111.95
393.20 -21.86 -22.90 -26.31 332.20 258.79 22.00 -0.30
-9999.00 7703.54
363.90 -25.96 -26.82 -30.43 333.03 258.40 22.22 -0.30
-9999.00 8268.87
337.40 -29.96 -30.75 -35.20 333.82 257.94 23.26 -0.20
-9999.00 8811.78
313.50 -33.86 -34.57 -39.92 334.72 257.72 24.67 -0.10
-9999.00 9330.76
292.10 -37.76 -38.36 -44.53 335.48 258.52 26.38 0.00
-9999.00 9822.06
272.80 -41.76 -42.19 -48.11 336.00 260.35 28.98 0.10
-9999.00 10289.14
255.40 -45.46 -45.80 -52.21 336.67 262.27 31.78 0.10
-9999.00 10732.03
239.80 -48.76 -49.04 -56.11 337.65 264.72 33.77 0.10
-9999.00 11149.08
225.30 -51.56 -51.79 -58.92 339.34 268.43 35.39 0.00
-9999.00 11556.24
212.20 -53.96 -54.16 -62.53 341.37 271.46 38.11 -0.10
-9999.00 11942.71
200.20 -55.86 -56.04 -65.13 344.03 274.81 41.74 -0.20
-9999.00 12314.61
188.20 -57.66 -57.81 -65.58 347.26 278.31 44.40 -0.20
-9999.00 12706.15
176.20 -59.26 -59.41 -68.99 351.17 281.75 44.87 -0.30
-9999.00 13120.22
164.20 -60.76 -60.89 -69.48 355.80 283.85 43.84 -0.30
-9999.00 13560.31
152.20 -62.26 -62.39 -74.73 360.98 283.91 42.05 -0.30
-9999.00 14030.47
140.20 -63.76 -63.88 -75.27 366.91 282.41 39.81 -0.20
-9999.00 14535.66
128.20 -65.06 -65.17 -75.86 374.06 279.96 37.10 -0.10
-9999.00 15082.41
116.20 -65.86 -65.97 -76.50 383.22 277.17 34.28 0.00
-9999.00 15679.92
104.20 -65.26 -65.39 -77.20 396.48 271.12 29.75 0.00
-9999.00 16342.29
92.20 -64.26 -64.46 -102.89 412.48 264.71 21.08 0.00
-9999.00 17088.66
81.10 -64.06 -64.29 -103.48 428.27 270.00 12.83 0.00
-9999.00 17873.42
72.10 -62.16 -62.48 -104.01 446.92 281.56 8.73 0.00
-9999.00 18596.66
64.90 -60.46 -60.89 -104.49 464.25 354.81 2.15 0.00
-9999.00 19249.06
58.10 -59.16 -59.72 -104.98 482.08 98.88 6.30 0.00
-9999.00 19940.27
51.70 -58.86 -59.51 -105.50 499.11 112.89 9.49 0.00
-9999.00 20671.85
45.90 -57.36 -58.21 -106.03 519.96 115.91 7.56 0.00
-9999.00 21420.89
40.40 -56.26 -57.34 -106.58 542.00 112.62 7.58 0.00
-9999.00 22229.19
35.30 -54.16 -55.67 -107.17 568.74 96.91 6.46 0.00
-9999.00 23090.11
30.60 -52.36 -54.36 -84.72 597.37 91.08 10.30 0.00
-9999.00 24009.82
26.10 -50.56 -53.25 -85.65 630.21 98.33 16.11 0.00
-9999.00 25042.07
22.00 -49.06 -52.53 -86.63 666.17 108.02 16.97 0.00
-9999.00 26159.33

STID = KSLC STNM = 725720 TIME = 150618/1500
SLAT = 40.78 SLON = -111.97 SELV = 1273.00
STIM = 4

SHOW = 7.41 LIFT = 6.46 SWET = 45.69 KINX = 4.16
LCLP = 719.00 PWAT = 12.29 TOTL = 35.32 CAPE = 0.00
LCLT = 281.45 CINS = 0.00 EQLV = -9999.00 LFCT = -9999.00
BRCH = 0.00

PRES TMPC TMWC DWPC THTE DRCT SKNT OMEG
CFRL HGHT
871.00 24.14 15.82 11.16 339.01 201.80 2.09 0.00
-9999.00 1283.06
868.50 24.04 14.70 8.96 335.25 188.97 3.74 -0.10
-9999.00 1308.21
863.80 23.94 12.79 4.64 329.27 182.12 5.25 -0.10
-9999.00 1355.61
855.60 24.84 10.37 -4.11 322.36 173.54 10.37 0.00
-9999.00 1438.93
843.70 24.34 9.54 -6.55 321.49 170.68 13.20 0.10
-9999.00 1561.22
828.30 23.24 9.05 -6.19 322.40 165.96 11.22 0.30
-9999.00 1721.62
810.00 21.64 8.61 -4.71 324.03 152.35 4.61 0.30
-9999.00 1915.30
789.90 20.44 7.61 -6.20 324.16 150.52 5.14 0.30
-9999.00 2132.11
768.20 18.84 6.17 -8.87 323.39 168.16 12.31 0.20
-9999.00 2371.26
743.80 17.84 5.27 -10.21 324.69 177.80 10.12 0.20
-9999.00 2647.09
717.00 15.44 4.35 -8.69 326.69 126.87 1.94 0.00
-9999.00 2958.86
687.50 12.84 2.74 -9.65 327.37 186.71 3.33 -0.20
-9999.00 3312.77
655.60 9.74 0.86 -10.54 328.05 201.45 5.85 -0.30
-9999.00 3709.00
621.00 6.04 -1.52 -12.00 328.29 230.60 7.04 -0.20
-9999.00 4155.74
583.90 1.94 -4.44 -14.42 328.20 244.89 13.74 -0.20
-9999.00 4656.18
544.30 -2.66 -7.92 -17.60 327.99 244.98 19.31 -0.10
-9999.00 5217.65
502.50 -7.66 -11.73 -20.62 328.39 246.34 22.28 -0.10
-9999.00 5845.10
462.10 -12.76 -15.54 -22.46 329.51 250.48 22.69 -0.10
-9999.00 6490.77
425.70 -17.56 -19.26 -24.06 330.82 254.97 21.74 -0.10
-9999.00 7110.89
393.10 -21.96 -23.03 -26.61 331.99 256.09 21.03 -0.10
-9999.00 7702.27
363.80 -25.96 -26.80 -30.30 333.09 255.84 21.45 -0.20
-9999.00 8267.63
337.30 -29.96 -30.73 -35.03 333.88 257.63 22.69 -0.30
-9999.00 8810.70
313.40 -33.96 -34.68 -40.18 334.57 260.61 25.02 -0.30
-9999.00 9329.73
292.00 -37.86 -38.47 -44.91 335.33 265.20 27.89 -0.30
-9999.00 9820.99
272.70 -41.66 -42.17 -49.72 336.07 268.57 31.11 -0.20
-9999.00 10288.22
255.30 -45.36 -45.73 -52.95 336.81 268.68 33.83 -0.10
-9999.00 10731.47
239.70 -48.56 -48.85 -56.11 337.99 269.70 36.54 0.00
-9999.00 11148.97
225.20 -51.46 -51.69 -58.93 339.54 273.09 39.71 0.10
-9999.00 11556.57
212.10 -54.06 -54.24 -60.82 341.30 277.22 43.30 0.10
-9999.00 11943.22
200.10 -56.06 -56.21 -62.98 343.81 281.59 46.43 0.10
-9999.00 12315.05
188.10 -57.86 -58.00 -65.59 346.99 285.52 47.21 0.10
-9999.00 12706.43
176.10 -59.46 -59.60 -68.99 350.90 288.90 45.61 0.00
-9999.00 13120.34
164.20 -60.96 -61.08 -69.48 355.47 291.04 43.32 -0.10
-9999.00 13556.47
152.20 -62.46 -62.56 -70.01 360.68 291.35 41.11 -0.20
-9999.00 14026.20
140.20 -63.76 -63.88 -75.27 366.91 289.54 38.36 -0.30
-9999.00 14531.14
128.20 -65.06 -65.17 -75.86 374.06 285.20 34.85 -0.20
-9999.00 15077.90
116.20 -65.86 -65.97 -76.50 383.22 279.82 30.77 -0.10
-9999.00 15675.40
104.20 -65.56 -65.68 -77.20 395.91 272.02 27.62 0.00
-9999.00 16337.30
92.20 -64.16 -64.36 -102.89 412.68 267.44 21.79 0.10
-9999.00 17083.31
81.10 -63.16 -63.41 -103.48 430.12 269.14 13.02 0.00
-9999.00 17869.95
72.10 -61.36 -61.71 -104.01 448.61 273.01 7.40 0.00
-9999.00 18596.11
64.80 -60.56 -60.99 -104.49 464.24 164.05 2.83 0.00
-9999.00 19259.17
58.10 -60.06 -60.56 -104.98 480.05 154.80 7.30 0.00
-9999.00 19939.16
51.70 -59.86 -60.44 -105.50 496.78 163.01 7.32 0.00
-9999.00 20667.49
45.90 -57.86 -58.67 -106.03 518.76 155.85 6.18 0.00
-9999.00 21413.92
40.40 -56.86 -57.87 -106.58 540.50 121.61 5.93 0.00
-9999.00 22220.16
35.30 -54.56 -56.01 -107.17 567.70 90.00 8.36 0.00
-9999.00 23079.10
30.60 -53.06 -54.93 -84.72 595.47 90.77 14.39 0.00
-9999.00 23996.51
26.10 -51.96 -54.32 -85.65 626.24 93.81 17.53 0.00
-9999.00 25023.87
22.00 -49.36 -52.75 -86.63 665.27 92.05 16.34 0.00
-9999.00 26136.89

STID = KSLC STNM = 725720 TIME = 150618/1600
SLAT = 40.78 SLON = -111.97 SELV = 1273.00
STIM = 5

SHOW = 5.57 LIFT = 6.25 SWET = 38.74 KINX = 8.23
LCLP = 703.07 PWAT = 12.22 TOTL = 39.36 CAPE = 0.00
LCLT = 280.93 CINS = 0.00 EQLV = -9999.00 LFCT = -9999.00
BRCH = 0.00

PRES TMPC TMWC DWPC THTE DRCT SKNT OMEG
CFRL HGHT
871.40 25.54 16.19 10.98 340.23 282.53 1.79 0.00
-9999.00 1282.10
868.80 25.34 15.82 10.37 339.22 264.29 1.95 0.00
-9999.00 1308.36
864.10 24.84 15.34 9.77 338.23 248.20 2.09 0.10
-9999.00 1355.97
855.90 25.94 12.00 0.30 327.47 159.23 6.03 0.30
-9999.00 1439.64
844.00 25.34 10.32 -4.86 323.74 162.53 11.00 0.70
-9999.00 1562.38
828.60 23.94 9.20 -6.83 322.69 167.01 12.97 1.10
-9999.00 1723.20
810.20 22.24 8.18 -7.70 322.53 170.41 14.00 1.10
-9999.00 1918.25
790.20 20.54 7.16 -8.41 322.72 167.96 14.91 0.70
-9999.00 2134.10
768.40 18.94 6.06 -9.64 323.00 165.29 16.08 0.30
-9999.00 2374.31
744.10 17.54 5.17 -10.10 324.38 162.96 12.60 0.10
-9999.00 2648.81
717.20 15.64 4.38 -8.92 326.73 145.01 2.37 0.00
-9999.00 2961.59
687.80 12.84 2.79 -9.46 327.46 174.81 4.29 -0.10
-9999.00 3314.29
655.80 9.74 0.83 -10.68 327.92 201.80 8.37 -0.10
-9999.00 3711.61
621.20 6.14 -1.54 -12.31 328.18 222.18 8.39 0.00
-9999.00 4158.28
584.10 1.84 -4.53 -14.58 327.95 240.78 13.14 0.00
-9999.00 4658.55
544.50 -2.56 -7.94 -18.00 327.88 242.65 19.04 0.00
-9999.00 5219.80
502.70 -7.56 -11.75 -21.01 328.31 246.87 21.77 0.00
-9999.00 5847.22
462.20 -12.56 -15.43 -22.54 329.71 252.37 21.82 0.00
-9999.00 6494.65
425.80 -17.26 -19.12 -24.41 331.05 255.84 21.45 -0.20
-9999.00 7115.22
393.20 -21.56 -22.90 -27.52 332.18 258.08 21.65 -0.40
-9999.00 7707.25
363.90 -25.76 -26.82 -31.48 333.02 260.13 22.69 -0.60
-9999.00 8273.11
337.40 -29.96 -30.84 -35.93 333.67 263.61 24.45 -0.70
-9999.00 8816.22
313.60 -34.06 -34.76 -40.17 334.37 268.71 25.86 -0.70
-9999.00 9332.72
292.10 -37.96 -38.56 -44.90 335.16 270.80 27.99 -0.60
-9999.00 9825.83
272.80 -41.66 -42.17 -49.72 336.03 271.41 31.50 -0.60
-9999.00 10292.79
255.40 -45.06 -45.45 -52.94 337.22 272.86 35.03 -0.50
-9999.00 10736.16
239.80 -48.16 -48.45 -55.14 338.59 276.63 38.75 -0.50
-9999.00 11154.14
225.30 -51.16 -51.38 -57.69 340.00 281.15 42.20 -0.40
-9999.00 11562.21
212.20 -53.66 -53.85 -60.82 341.88 285.30 44.94 -0.30
-9999.00 11949.30
200.20 -55.96 -56.14 -65.13 343.87 288.82 45.79 -0.20
-9999.00 12321.37
188.20 -57.86 -58.00 -65.58 346.93 292.22 44.72 -0.10
-9999.00 12712.64
176.20 -59.56 -59.67 -66.07 350.73 295.17 42.96 0.00
-9999.00 13126.23
164.20 -60.96 -61.08 -69.48 355.47 296.69 40.68 0.00
-9999.00 13565.80
152.20 -62.06 -62.17 -70.01 361.37 295.78 37.99 0.10
-9999.00 14035.96
140.20 -62.96 -63.09 -75.27 368.31 290.81 35.56 0.10
-9999.00 14542.35
128.20 -63.76 -63.89 -75.86 376.40 283.05 32.72 0.00
-9999.00 15091.86
116.20 -64.26 -64.39 -76.50 386.18 275.19 30.06 0.00
-9999.00 15693.53
104.20 -64.06 -64.22 -77.20 398.77 268.78 27.41 0.00
-9999.00 16360.37
92.20 -63.06 -63.29 -102.89 414.85 268.03 22.56 0.00
-9999.00 17111.04
81.10 -62.16 -62.45 -103.48 432.16 269.09 12.25 0.00
-9999.00 17901.62
72.10 -61.36 -61.71 -104.01 448.61 249.78 3.94 0.00
-9999.00 18629.51
64.90 -61.36 -61.75 -104.49 462.29 164.93 5.23 0.00
-9999.00 19281.75
58.10 -61.26 -61.70 -104.98 477.35 176.99 7.40 0.00
-9999.00 19968.11
51.70 -61.26 -61.75 -105.50 493.52 168.02 6.56 0.00
-9999.00 20692.00
45.90 -59.76 -60.41 -106.03 514.18 155.43 7.48 0.00
-9999.00 21432.68
40.40 -58.46 -59.31 -106.58 536.50 120.96 6.80 0.00
-9999.00 22232.39
35.30 -56.36 -57.56 -107.17 563.02 105.57 12.31 0.00
-9999.00 23084.62
30.60 -55.26 -56.76 -84.72 589.52 99.81 15.98 0.00
-9999.00 23993.66
26.10 -53.06 -55.19 -85.65 623.13 96.82 18.01 0.00
-9999.00 25013.34
22.00 -49.26 -52.68 -86.63 665.57 88.33 20.03 0.00
-9999.00 26123.85

STID = KSLC STNM = 725720 TIME = 150618/1700
SLAT = 40.78 SLON = -111.97 SELV = 1273.00
STIM = 6

SHOW = 0.85 LIFT = 4.74 SWET = 109.23 KINX = 15.67
LCLP = 736.49 PWAT = 13.24 TOTL = 47.56 CAPE = 15.49
LCLT = 284.39 CINS = -553.48 EQLV = 325.65 LFCT = 425.62
BRCH = 1.45

PRES TMPC TMWC DWPC THTE DRCT SKNT OMEG
CFRL HGHT
871.50 25.24 17.60 13.81 345.84 321.01 5.25 -0.10
-9999.00 1283.11
869.00 24.84 17.11 13.16 344.30 315.00 5.77 -0.10
-9999.00 1308.35
864.20 24.34 16.75 12.82 343.70 311.01 5.92 -0.10
-9999.00 1356.95
856.10 24.54 15.10 9.53 338.61 305.54 3.34 -0.10
-9999.00 1439.47
844.10 25.04 13.07 4.56 333.07 171.47 3.93 0.00
-9999.00 1563.14
828.70 24.64 10.50 -2.58 326.75 168.50 11.70 0.20
-9999.00 1724.25
810.30 23.04 8.68 -6.89 323.94 171.76 14.93 0.50
-9999.00 1919.84
790.20 21.14 7.35 -8.76 323.16 173.88 16.42 0.90
-9999.00 2137.28
768.50 19.24 6.14 -9.91 323.16 171.06 17.51 1.40
-9999.00 2376.73
744.20 17.64 5.21 -10.10 324.48 169.22 16.62 1.30
-9999.00 2651.38
717.30 15.94 4.29 -9.94 326.39 176.12 11.49 0.50
-9999.00 2964.31
687.80 12.94 2.73 -9.88 327.28 185.71 5.86 -0.30
-9999.00 3318.40
655.80 9.74 0.76 -10.97 327.73 203.20 8.88 -0.50
-9999.00 3715.78
621.30 5.94 -1.70 -12.56 327.77 216.43 10.15 -0.40
-9999.00 4160.94
584.20 1.84 -4.57 -14.76 327.83 232.43 12.75 -0.10
-9999.00 4660.93
544.50 -2.56 -8.00 -18.28 327.75 240.41 18.11 0.00
-9999.00 5223.54
502.80 -7.46 -11.72 -21.17 328.34 246.66 20.11 0.10
-9999.00 5849.51
462.30 -12.46 -15.46 -23.05 329.61 251.92 20.04 0.00
-9999.00 6497.03
425.80 -17.06 -19.18 -25.44 330.94 255.70 20.46 -0.20
-9999.00 7119.57
393.30 -21.56 -23.07 -28.52 331.84 261.65 21.41 -0.50
-9999.00 7709.90
364.00 -25.96 -27.08 -32.18 332.54 266.02 22.41 -0.60
-9999.00 8275.36
337.40 -30.16 -31.03 -36.12 333.36 270.00 23.13 -0.70
-9999.00 8820.00
313.60 -34.16 -34.89 -40.71 334.16 274.80 25.55 -0.70
-9999.00 9336.17
292.10 -37.86 -38.49 -45.29 335.26 277.54 29.61 -0.70
-9999.00 9829.27
272.80 -41.46 -41.97 -49.15 336.36 280.33 33.59 -0.70
-9999.00 10296.54
255.40 -44.96 -45.34 -52.21 337.41 283.38 36.96 -0.60
-9999.00 10740.20
239.80 -48.16 -48.47 -56.11 338.55 286.41 39.92 -0.40
-9999.00 11158.27
225.30 -51.16 -51.43 -60.35 339.91 289.27 42.42 -0.30
-9999.00 11566.34
212.20 -53.86 -54.07 -62.53 341.52 291.75 43.53 -0.20
-9999.00 11953.25
200.20 -55.96 -56.12 -62.98 343.92 293.91 43.16 0.00
-9999.00 12325.15
188.20 -57.86 -58.00 -65.58 346.93 295.50 41.99 0.10
-9999.00 12716.42
176.20 -59.36 -59.48 -66.07 351.06 295.35 40.87 0.10
-9999.00 13130.20
164.20 -60.56 -60.69 -69.48 356.14 293.57 39.87 0.10
-9999.00 13570.39
152.20 -61.66 -61.78 -70.01 362.05 290.89 38.70 0.10
-9999.00 14041.44
140.20 -62.66 -62.80 -75.27 368.84 287.01 37.20 -0.10
-9999.00 14548.67
128.20 -63.66 -63.79 -75.86 376.58 281.94 34.77 -0.10
-9999.00 15098.70
116.20 -64.46 -64.59 -76.50 385.81 276.03 31.47 -0.20
-9999.00 15700.23
104.20 -64.76 -64.90 -77.20 397.43 269.60 28.19 -0.10
-9999.00 16365.64
92.20 -63.96 -64.17 -102.89 413.07 267.61 23.35 -0.10
-9999.00 17113.44
81.10 -62.86 -63.12 -103.48 430.73 266.37 12.27 0.00
-9999.00 17901.02
72.10 -62.36 -62.67 -104.01 446.50 221.63 4.68 0.00
-9999.00 18625.98
64.90 -62.76 -63.09 -104.49 459.23 164.58 5.85 0.00
-9999.00 19274.53
58.10 -62.26 -62.65 -104.98 475.10 184.18 7.99 0.00
-9999.00 19956.99
51.80 -60.86 -61.37 -105.49 494.18 185.71 5.86 0.00
-9999.00 20667.89
45.90 -58.86 -59.58 -106.03 516.35 167.66 6.37 0.00
-9999.00 21422.90
40.40 -57.46 -58.40 -106.58 539.00 111.80 6.28 0.00
-9999.00 22226.15
35.30 -56.16 -57.38 -107.17 563.54 99.02 12.40 0.00
-9999.00 23080.76
30.60 -54.96 -56.50 -84.72 590.33 101.15 14.07 0.00
-9999.00 23990.84
26.10 -52.16 -54.48 -85.65 625.68 101.17 16.05 0.00
-9999.00 25013.32
22.00 -48.16 -51.90 -86.63 668.84 99.31 24.03 0.00
-9999.00 26128.83

STID = KSLC STNM = 725720 TIME = 150618/1800
SLAT = 40.78 SLON = -111.97 SELV = 1273.00
STIM = 7

SHOW = 3.73 LIFT = 5.10 SWET = 80.34 KINX = 10.69
LCLP = 696.43 PWAT = 12.27 TOTL = 42.88 CAPE = 0.00
LCLT = 279.81 CINS = 0.00 EQLV = -9999.00 LFCT = -9999.00
BRCH = 0.00

PRES TMPC TMWC DWPC THTE DRCT SKNT OMEG
CFRL HGHT
871.30 25.14 15.56 9.96 337.88 319.09 7.72 -0.10
-9999.00 1283.09
868.70 24.74 14.74 8.53 335.30 319.40 8.96 -0.20
-9999.00 1309.30
864.00 24.34 14.20 7.67 334.09 319.27 9.23 -0.30
-9999.00 1356.80
855.90 23.64 12.90 5.27 330.85 321.15 8.99 -0.40
-9999.00 1439.08
843.90 23.84 11.72 2.08 328.63 321.12 7.74 -0.50
-9999.00 1562.23
828.50 24.64 11.00 -0.82 328.42 184.57 4.88 -0.40
-9999.00 1723.03
810.20 23.94 9.30 -5.78 325.73 174.21 13.48 -0.20
-9999.00 1917.94
790.10 22.14 7.84 -8.41 324.50 174.36 15.82 0.10
-9999.00 2136.12
768.30 20.04 6.53 -9.64 324.23 176.63 16.55 0.10
-9999.00 2377.47
744.00 17.94 5.37 -9.94 324.94 180.00 15.55 -0.10
-9999.00 2652.72
717.10 15.74 4.18 -10.05 326.12 190.01 13.42 -0.40
-9999.00 2965.79
687.70 13.04 2.63 -10.53 326.99 206.13 11.48 -0.50
-9999.00 3318.68
655.70 9.64 0.59 -11.48 327.30 216.25 10.85 -0.40
-9999.00 3716.08
621.20 5.94 -1.82 -13.05 327.49 222.21 11.28 -0.10
-9999.00 4161.21
584.10 1.94 -4.69 -15.54 327.54 228.89 14.19 0.00
-9999.00 4661.34
544.40 -2.46 -8.03 -18.71 327.69 237.72 17.47 0.00
-9999.00 5224.23
502.70 -7.36 -11.70 -21.42 328.38 243.43 18.26 0.00
-9999.00 5850.53
462.20 -12.36 -15.49 -23.59 329.55 250.02 18.20 0.00
-9999.00 6498.41
425.80 -16.96 -19.25 -26.24 330.79 258.92 19.21 -0.10
-9999.00 7119.53
393.20 -21.56 -23.28 -29.86 331.48 266.67 20.06 -0.20
-9999.00 7711.83
363.90 -25.86 -27.30 -34.62 332.16 272.68 20.82 -0.20
-9999.00 8277.51
337.40 -29.96 -31.16 -39.21 333.12 280.39 23.71 -0.30
-9999.00 8820.46
313.50 -33.86 -34.81 -43.16 334.30 285.11 27.58 -0.40
-9999.00 9339.38
292.10 -37.76 -38.50 -47.02 335.25 287.31 31.35 -0.40
-9999.00 9830.67
272.80 -41.36 -41.95 -50.96 336.39 288.94 34.73 -0.30
-9999.00 10298.13
255.40 -44.86 -45.32 -54.62 337.43 290.87 37.65 -0.30
-9999.00 10741.97
239.80 -48.06 -48.43 -58.43 338.62 292.11 40.28 -0.20
-9999.00 11160.22
225.30 -51.06 -51.33 -60.35 340.06 293.34 41.71 -0.10
-9999.00 11568.47
212.20 -53.56 -53.75 -60.82 342.03 294.18 41.76 -0.10
-9999.00 11955.73
200.20 -55.76 -55.92 -62.98 344.24 294.51 41.23 0.00
-9999.00 12328.06
188.20 -57.56 -57.71 -65.58 347.42 293.38 40.66 0.10
-9999.00 12719.78
176.20 -59.06 -59.19 -66.07 351.55 291.14 40.43 0.10
-9999.00 13134.14
164.20 -60.26 -60.40 -69.48 356.64 288.52 40.38 0.10
-9999.00 13574.95
152.20 -61.46 -61.58 -70.01 362.39 286.29 39.49 0.00
-9999.00 14046.56
140.20 -62.66 -62.80 -75.27 368.84 284.25 37.10 -0.10
-9999.00 14554.03
128.20 -63.76 -63.89 -75.86 376.40 281.05 33.47 -0.20
-9999.00 15103.93
116.20 -64.76 -64.88 -76.50 385.26 275.67 29.50 -0.20
-9999.00 15704.88
104.20 -65.26 -65.39 -77.20 396.48 270.00 26.24 -0.10
-9999.00 16369.01
92.20 -64.56 -64.75 -102.89 411.89 265.60 22.81 -0.10
-9999.00 17114.84
81.10 -63.26 -63.51 -103.48 429.91 261.38 12.98 0.00
-9999.00 17900.55
72.10 -62.86 -63.16 -104.01 445.44 189.16 6.10 0.00
-9999.00 18623.95
64.80 -64.06 -64.34 -104.49 456.60 182.39 9.34 0.00
-9999.00 19279.20
58.10 -62.56 -62.93 -104.98 474.42 210.58 9.93 0.00
-9999.00 19949.60
51.70 -60.66 -61.18 -105.50 494.91 219.56 5.80 0.00
-9999.00 20672.30
45.90 -58.26 -59.03 -106.03 517.79 217.87 2.22 0.00
-9999.00 21416.63
40.40 -56.46 -57.51 -106.58 541.50 86.53 6.43 0.00
-9999.00 22222.88
35.30 -55.66 -56.95 -107.17 564.84 94.84 11.51 0.00
-9999.00 23080.44
30.60 -53.86 -55.59 -84.72 593.31 102.15 12.92 0.00
-9999.00 23993.88
26.10 -51.56 -54.01 -85.65 627.38 108.97 19.73 0.00
-9999.00 25020.31
22.00 -48.56 -52.18 -86.63 667.65 119.31 25.41 0.00
-9999.00 26136.32

STID = KSLC STNM = 725720 TIME = 150618/1900
SLAT = 40.78 SLON = -111.97 SELV = 1273.00
STIM = 8

SHOW = 6.06 LIFT = 5.19 SWET = 34.81 KINX = 8.58
LCLP = 728.58 PWAT = 12.43 TOTL = 38.56 CAPE = 0.00
LCLT = 283.27 CINS = 0.00 EQLV = -9999.00 LFCT = -9999.00
BRCH = 0.00

PRES TMPC TMWC DWPC THTE DRCT SKNT OMEG
CFRL HGHT
871.10 24.94 16.96 12.82 343.34 352.87 6.27 0.00
-9999.00 1282.09
868.50 24.54 16.28 11.81 341.14 351.47 7.86 0.00
-9999.00 1308.32
863.80 24.14 15.63 10.83 339.44 351.67 8.05 0.00
-9999.00 1355.85
855.60 25.04 11.35 -0.73 325.49 339.15 8.74 0.10
-9999.00 1439.33
843.70 24.34 10.81 -1.41 325.57 324.16 8.63 0.10
-9999.00 1561.75
828.30 23.54 10.31 -1.70 326.38 313.03 7.98 0.10
-9999.00 1722.35
809.90 23.84 9.83 -3.46 327.52 188.13 6.87 0.00
-9999.00 1918.01
789.90 22.84 8.46 -6.86 326.35 179.06 11.86 0.00
-9999.00 2135.46
768.10 20.74 7.30 -7.40 326.51 183.27 13.63 0.20
-9999.00 2377.50
743.80 18.44 6.11 -7.59 327.10 190.10 14.41 0.30
-9999.00 2653.47
716.90 16.04 4.83 -7.80 328.03 206.57 12.17 0.10
-9999.00 2967.14
687.50 13.04 3.11 -8.51 328.40 225.71 11.13 0.00
-9999.00 3320.42
655.50 9.84 0.74 -11.28 327.70 221.10 12.12 -0.10
-9999.00 3718.14
621.00 6.14 -1.87 -13.72 327.37 222.61 13.21 -0.10
-9999.00 4163.72
583.90 2.04 -4.77 -16.17 327.36 226.58 14.99 0.00
-9999.00 4664.25
544.20 -2.46 -8.06 -18.86 327.65 231.13 16.73 0.10
-9999.00 5227.41
502.50 -7.16 -11.64 -21.76 328.53 239.47 17.60 0.10
-9999.00 5854.18
462.00 -12.06 -15.45 -24.43 329.66 252.16 17.77 0.00
-9999.00 6502.92
425.60 -16.86 -19.45 -27.90 330.44 263.33 18.40 -0.20
-9999.00 7124.75
393.10 -21.26 -23.48 -33.13 331.11 271.74 19.25 -0.30
-9999.00 7715.85
363.80 -25.46 -27.31 -37.98 332.14 284.29 21.26 -0.40
-9999.00 8282.41
337.30 -29.86 -31.16 -40.29 333.13 290.71 24.73 -0.40
-9999.00 8826.03
313.50 -33.86 -34.83 -43.51 334.27 290.28 28.60 -0.40
-9999.00 9342.96
292.00 -37.56 -38.39 -48.55 335.45 291.16 32.31 -0.30
-9999.00 9836.83
272.70 -41.26 -41.90 -52.39 336.49 292.55 35.99 -0.20
-9999.00 10304.75
255.30 -44.76 -45.22 -54.62 337.62 293.35 38.74 -0.10
-9999.00 10748.95
239.70 -48.06 -48.38 -56.11 338.74 292.64 39.38 0.00
-9999.00 11167.46
225.20 -50.96 -51.19 -57.70 340.34 291.85 39.16 0.10
-9999.00 11575.98
212.10 -53.46 -53.66 -60.82 342.24 290.96 39.13 0.10
-9999.00 11963.60
200.10 -55.46 -55.63 -62.98 344.76 290.29 39.79 0.10
-9999.00 12336.45
188.10 -57.26 -57.42 -65.59 347.95 289.21 40.76 0.10
-9999.00 12728.92
176.20 -58.76 -58.89 -66.07 352.04 288.01 41.49 0.10
-9999.00 13140.51
164.20 -60.16 -60.30 -69.48 356.81 286.13 41.28 0.10
-9999.00 13581.73
152.20 -61.36 -61.49 -70.01 362.57 283.83 39.84 0.00
-9999.00 14053.56
140.20 -62.56 -62.70 -75.27 369.01 281.25 36.86 -0.10
-9999.00 14561.27
128.20 -64.06 -64.18 -75.86 375.86 278.13 32.99 -0.20
-9999.00 15110.91
116.20 -65.36 -65.47 -76.50 384.15 273.43 29.21 -0.20
-9999.00 15710.57
104.20 -66.06 -66.18 -77.20 394.95 267.55 27.24 -0.10
-9999.00 16372.46
92.20 -65.26 -65.43 -102.89 410.51 266.19 23.38 0.00
-9999.00 17115.61
81.10 -63.66 -63.90 -103.48 429.09 256.65 11.79 0.00
-9999.00 17899.25
72.10 -63.66 -63.93 -104.01 443.74 175.91 8.18 0.00
-9999.00 18620.59
64.80 -64.96 -65.21 -104.49 454.63 193.17 9.38 0.00
-9999.00 19273.18
58.10 -62.86 -63.22 -104.98 473.74 228.92 10.06 0.00
-9999.00 19941.66
51.70 -60.46 -61.00 -105.50 495.38 255.53 6.22 0.00
-9999.00 20664.19
45.90 -57.96 -58.76 -106.03 518.52 310.24 3.31 0.00
-9999.00 21409.40
40.40 -56.06 -57.16 -106.58 542.50 81.38 6.49 0.00
-9999.00 22216.95
35.30 -54.66 -56.09 -107.17 567.44 87.56 9.14 0.00
-9999.00 23077.28
30.60 -52.46 -54.45 -84.72 597.10 109.44 14.02 0.00
-9999.00 23995.73
26.10 -50.56 -53.25 -85.65 630.21 121.68 21.47 0.00
-9999.00 25027.75
22.00 -48.66 -52.25 -86.63 667.35 139.20 24.39 0.00
-9999.00 26146.01

STID = KSLC STNM = 725720 TIME = 150618/2000
SLAT = 40.78 SLON = -111.97 SELV = 1273.00
STIM = 9

SHOW = 5.45 LIFT = 4.78 SWET = 34.20 KINX = 12.05
LCLP = 721.65 PWAT = 13.04 TOTL = 39.73 CAPE = 0.00
LCLT = 283.11 CINS = 0.00 EQLV = -9999.00 LFCT = -9999.00
BRCH = 0.00

PRES TMPC TMWC DWPC THTE DRCT SKNT OMEG
CFRL HGHT
870.60 25.54 17.13 12.79 344.08 6.71 6.65 0.00
-9999.00 1283.13
868.00 25.14 16.42 11.71 341.72 4.09 8.18 0.00
-9999.00 1309.42
863.30 24.74 15.58 10.32 339.25 3.81 8.77 0.10
-9999.00 1357.07
855.20 25.44 11.91 0.62 327.34 2.34 9.53 0.20
-9999.00 1439.72
843.20 25.04 11.25 -0.80 326.99 343.07 9.35 0.40
-9999.00 1563.48
827.90 24.74 10.36 -3.24 326.39 312.09 8.12 0.60
-9999.00 1723.63
809.50 24.04 10.11 -2.68 328.48 280.78 4.16 0.50
-9999.00 1919.83
789.50 23.24 9.06 -4.97 328.28 191.00 7.13 0.30
-9999.00 2137.65
767.70 21.24 7.98 -5.42 328.61 192.17 10.14 0.40
-9999.00 2380.26
743.40 19.04 6.67 -6.32 328.79 195.95 12.74 0.50
-9999.00 2656.95
716.50 16.24 5.42 -5.86 329.84 200.56 13.29 0.50
-9999.00 2971.31
687.10 13.04 3.77 -6.11 330.37 217.23 12.21 0.50
-9999.00 3325.02
655.10 9.84 1.27 -9.13 329.24 221.76 14.59 0.40
-9999.00 3723.11
620.60 6.44 -1.62 -13.28 328.04 227.53 15.55 0.00
-9999.00 4169.27
583.50 2.44 -4.72 -16.98 327.51 235.30 15.37 -0.50
-9999.00 4670.77
543.90 -2.16 -8.03 -19.63 327.74 237.36 14.77 -0.50
-9999.00 5233.54
502.20 -6.96 -11.65 -22.47 328.57 242.78 15.30 -0.10
-9999.00 5861.22
461.80 -11.96 -15.58 -25.66 329.42 256.61 16.78 0.40
-9999.00 6509.02
425.40 -16.56 -19.61 -30.70 330.13 270.00 18.47 0.70
-9999.00 7131.55
392.90 -20.96 -23.35 -34.02 331.37 284.04 20.04 0.60
-9999.00 7723.60
363.60 -25.46 -27.07 -35.38 332.63 289.06 22.62 0.40
-9999.00 8290.81
337.10 -29.66 -30.97 -40.01 333.50 287.63 26.31 0.10
-9999.00 8834.98
313.30 -33.56 -34.64 -44.65 334.63 290.17 30.44 -0.10
-9999.00 9352.76
291.80 -37.46 -38.23 -47.03 335.77 292.34 34.26 -0.20
-9999.00 9847.37
272.50 -41.16 -41.67 -48.63 336.94 291.97 36.89 -0.30
-9999.00 10315.83
255.20 -44.66 -45.03 -51.53 337.97 290.70 37.40 -0.30
-9999.00 10757.94
239.60 -47.76 -48.07 -55.15 339.28 288.91 37.19 -0.40
-9999.00 11177.00
225.10 -50.66 -50.90 -57.70 340.85 287.50 37.50 -0.40
-9999.00 11586.24
212.00 -53.06 -53.27 -60.83 342.90 287.17 38.86 -0.50
-9999.00 11974.65
200.00 -55.06 -55.24 -62.98 345.44 287.30 40.52 -0.50
-9999.00 12348.36
188.00 -56.96 -57.13 -65.59 348.49 286.75 41.82 -0.50
-9999.00 12741.67
176.00 -58.66 -58.82 -68.99 352.27 285.51 42.16 -0.50
-9999.00 13157.44
164.10 -60.06 -60.20 -69.49 357.04 283.32 41.35 -0.40
-9999.00 13595.58
152.10 -61.46 -61.61 -74.74 362.41 280.76 39.57 -0.40
-9999.00 14067.70
140.10 -62.86 -62.99 -75.28 368.56 277.92 36.70 -0.30
-9999.00 14575.28
128.10 -64.56 -64.67 -75.86 375.04 275.58 33.98 -0.20
-9999.00 15124.28
116.10 -66.06 -66.16 -76.50 382.95 272.83 31.53 0.00
-9999.00 15722.71
104.10 -66.46 -66.57 -77.21 394.30 269.25 29.74 0.00
-9999.00 16383.45
92.10 -64.86 -65.04 -102.90 411.42 264.60 24.80 0.00
-9999.00 17127.35
81.00 -63.36 -63.61 -103.49 429.86 237.77 10.57 0.00
-9999.00 17913.21
72.10 -64.16 -64.41 -104.01 442.68 180.82 13.61 0.00
-9999.00 18626.65
64.80 -64.36 -64.63 -104.49 455.94 200.56 13.29 0.00
-9999.00 19279.39
58.10 -61.76 -62.17 -104.98 476.22 228.92 10.06 0.00
-9999.00 19950.60
51.70 -59.46 -60.06 -105.50 497.71 198.43 0.61 0.00
-9999.00 20676.71
45.90 -57.56 -58.39 -106.03 519.48 77.01 7.78 0.00
-9999.00 21424.35
40.40 -57.16 -58.14 -106.58 539.75 86.63 13.24 0.00
-9999.00 22230.60
35.30 -55.86 -57.12 -107.17 564.32 97.85 11.38 0.00
-9999.00 23086.38
30.50 -54.06 -55.76 -84.74 593.32 107.04 12.60 0.00
-9999.00 24019.89
26.10 -51.76 -54.17 -85.65 626.81 126.50 12.09 0.00
-9999.00 25024.28
22.00 -49.06 -52.53 -86.63 666.17 157.29 9.06 0.00
-9999.00 26138.55

STID = KSLC STNM = 725720 TIME = 150618/2100
SLAT = 40.78 SLON = -111.97 SELV = 1273.00
STIM = 10

SHOW = 5.66 LIFT = 5.35 SWET = 33.28 KINX = 10.46
LCLP = 716.61 PWAT = 12.78 TOTL = 39.22 CAPE = 0.00
LCLT = 283.16 CINS = 0.00 EQLV = -9999.00 LFCT = -9999.00
BRCH = 0.00

PRES TMPC TMWC DWPC THTE DRCT SKNT OMEG
CFRL HGHT
870.10 26.14 17.40 12.94 345.19 8.88 6.30 0.00
-9999.00 1283.15
867.50 25.74 16.71 11.89 342.89 5.57 8.01 0.00
-9999.00 1309.52
862.80 25.24 15.97 10.78 340.78 6.48 8.61 0.10
-9999.00 1357.29
854.70 26.24 12.44 1.36 329.09 7.13 9.40 0.20
-9999.00 1440.18
842.70 26.04 11.25 -2.18 326.88 345.38 9.24 0.20
-9999.00 1564.38
827.40 25.74 10.23 -5.42 325.81 309.04 9.26 0.30
-9999.00 1725.11
809.10 25.24 10.23 -3.99 328.73 300.65 6.10 0.30
-9999.00 1921.03
789.00 23.64 9.30 -4.63 329.07 198.43 3.07 0.40
-9999.00 2140.63
767.30 21.94 8.08 -6.16 328.88 182.94 7.59 0.40
-9999.00 2382.71
743.00 19.54 6.70 -7.04 328.86 187.25 10.78 0.30
-9999.00 2660.08
716.10 16.74 5.19 -7.56 329.13 195.61 13.72 0.40
-9999.00 2975.10
686.70 13.44 3.66 -7.11 330.06 204.83 14.35 0.60
-9999.00 3329.49
654.70 9.64 1.96 -6.41 331.27 217.33 14.42 0.80
-9999.00 3728.01
620.20 6.34 -1.15 -11.09 329.38 225.44 18.01 0.80
-9999.00 4174.37
583.20 2.84 -4.59 -17.40 327.84 238.06 17.64 0.40
-9999.00 4675.13
543.60 -1.46 -7.92 -21.30 327.96 246.89 15.85 -0.20
-9999.00 5239.29
501.90 -6.26 -11.54 -24.53 328.77 253.30 14.21 -0.70
-9999.00 5868.89
461.50 -11.46 -15.62 -28.28 329.34 269.19 13.80 -0.80
-9999.00 6518.49
425.20 -16.26 -19.40 -30.71 330.56 279.34 15.56 -0.70
-9999.00 7140.57
392.60 -21.06 -23.16 -31.69 331.82 283.04 18.95 -0.30
-9999.00 7735.06
363.40 -25.46 -27.05 -35.19 332.72 282.78 23.72 -0.10
-9999.00 8300.62
336.90 -29.56 -30.85 -39.48 333.77 285.57 28.25 0.00
-9999.00 8845.22
313.10 -33.56 -34.47 -41.88 335.00 288.98 32.27 0.10
-9999.00 9363.45
291.70 -37.46 -38.09 -44.54 336.04 289.63 35.29 0.00
-9999.00 9856.02
272.40 -41.06 -41.58 -48.63 337.12 288.53 36.70 0.00
-9999.00 10324.75
255.10 -44.46 -44.90 -52.95 338.22 286.81 36.96 -0.10
-9999.00 10767.31
239.50 -47.46 -47.81 -56.12 339.73 285.26 37.68 -0.20
-9999.00 11187.00
225.00 -50.26 -50.54 -58.93 341.46 284.73 38.99 -0.30
-9999.00 11597.05
211.90 -52.76 -52.98 -60.83 343.42 284.97 40.64 -0.30
-9999.00 11986.26
199.90 -54.96 -55.15 -62.99 345.65 285.00 42.06 -0.40
-9999.00 12360.49
187.90 -57.06 -57.22 -65.60 348.38 284.66 43.00 -0.40
-9999.00 12754.00
176.00 -58.96 -59.11 -68.99 351.78 283.28 43.14 -0.40
-9999.00 13166.04
164.00 -60.76 -60.89 -69.49 355.93 280.80 42.54 -0.40
-9999.00 13606.95
152.00 -62.16 -62.30 -74.74 361.28 278.60 40.30 -0.40
-9999.00 14077.82
140.00 -63.46 -63.58 -75.28 367.58 277.01 36.62 -0.20
-9999.00 14584.18
128.00 -64.96 -65.07 -75.87 374.41 275.10 32.79 -0.10
-9999.00 15132.28
116.10 -66.36 -66.46 -76.50 382.39 270.72 30.91 0.10
-9999.00 15724.96
104.10 -66.76 -66.86 -77.21 393.72 266.70 30.37 0.10
-9999.00 16384.74
92.10 -65.36 -65.53 -102.90 410.44 260.61 26.20 0.00
-9999.00 17127.21
81.00 -64.16 -64.39 -103.49 428.22 235.81 12.45 -0.10
-9999.00 17910.63
72.10 -65.66 -65.87 -104.01 439.51 202.83 12.02 -0.10
-9999.00 18620.15
64.80 -63.86 -64.15 -104.49 457.03 227.34 13.48 0.00
-9999.00 19271.33
58.00 -62.06 -62.46 -104.99 475.78 250.87 10.08 0.00
-9999.00 19953.45
51.70 -58.36 -59.04 -105.50 500.27 294.44 2.35 0.00
-9999.00 20670.19
45.80 -57.26 -58.12 -106.04 520.53 90.00 8.36 0.00
-9999.00 21434.02
40.40 -56.46 -57.51 -106.58 541.50 105.95 12.74 0.00
-9999.00 22228.32
35.30 -55.36 -56.69 -107.17 565.62 109.12 15.43 0.00
-9999.00 23086.48
30.50 -54.46 -56.09 -84.74 592.24 115.16 14.17 0.00
-9999.00 24020.20
26.10 -52.66 -54.87 -85.65 624.26 108.08 10.02 0.00
-9999.00 25021.63
22.00 -49.06 -52.53 -86.63 666.17 82.87 3.13 0.00
-9999.00 26133.64

STID = KSLC STNM = 725720 TIME = 150618/2200
SLAT = 40.78 SLON = -111.97 SELV = 1273.00
STIM = 11

SHOW = 4.92 LIFT = 5.51 SWET = 54.62 KINX = 10.26
LCLP = 711.85 PWAT = 12.77 TOTL = 40.61 CAPE = 0.00
LCLT = 282.86 CINS = 0.00 EQLV = -9999.00 LFCT = -9999.00
BRCH = 0.00

PRES TMPC TMWC DWPC THTE DRCT SKNT OMEG
CFRL HGHT
869.50 26.34 17.34 12.73 345.06 1.85 6.03 0.00
-9999.00 1282.15
866.90 26.04 16.65 11.60 342.72 1.47 7.58 0.00
-9999.00 1308.55
862.20 25.84 15.61 9.65 339.45 5.08 8.78 0.00
-9999.00 1356.42
854.00 26.94 13.44 3.57 332.58 13.24 10.18 0.10
-9999.00 1440.58
842.10 26.84 11.31 -3.12 327.01 356.70 10.12 0.30
-9999.00 1564.18
826.80 26.54 10.50 -5.60 326.63 321.91 9.14 0.40
-9999.00 1725.44
808.40 25.74 10.28 -4.58 328.89 313.67 5.91 0.60
-9999.00 1922.99
788.40 24.04 9.48 -4.53 329.68 275.71 1.95 0.50
-9999.00 2142.00
766.70 22.34 8.24 -6.17 329.40 196.39 6.89 0.30
-9999.00 2384.60
742.40 20.04 6.96 -6.79 329.70 198.80 9.65 0.20
-9999.00 2662.63
715.60 17.24 5.07 -8.95 328.77 205.07 13.30 0.20
-9999.00 2977.22
686.20 13.94 3.47 -8.67 329.52 205.31 15.91 0.20
-9999.00 3332.41
654.30 9.94 2.02 -6.64 331.49 212.17 14.24 0.20
-9999.00 3730.45
619.80 6.24 -0.61 -8.95 330.91 219.73 17.94 0.20
-9999.00 4177.31
582.70 2.84 -4.35 -16.19 328.51 235.20 19.41 0.20
-9999.00 4679.81
543.20 -1.26 -7.92 -22.04 328.00 250.52 16.91 0.00
-9999.00 5243.22
501.50 -5.86 -11.50 -26.00 328.89 260.42 15.18 -0.30
-9999.00 5873.96
461.20 -10.96 -15.31 -28.43 330.00 278.00 12.56 -0.50
-9999.00 6523.50
424.90 -16.16 -19.14 -29.17 331.15 279.46 14.19 -0.50
-9999.00 7146.74
392.40 -21.06 -23.10 -31.25 331.98 275.95 18.76 -0.40
-9999.00 7739.92
363.10 -25.56 -27.03 -34.28 332.85 278.60 23.39 -0.20
-9999.00 8307.69
336.70 -29.76 -30.85 -37.58 333.85 283.36 27.77 0.10
-9999.00 8850.31
312.90 -33.76 -34.57 -41.00 334.89 285.66 31.69 0.40
-9999.00 9368.44
291.50 -37.56 -38.18 -44.55 335.96 285.99 34.58 0.50
-9999.00 9861.03
272.20 -41.16 -41.67 -48.64 337.05 285.39 35.89 0.50
-9999.00 10329.90
254.90 -44.46 -44.90 -52.96 338.30 284.18 37.29 0.50
-9999.00 10772.70
239.30 -47.46 -47.81 -56.13 339.81 283.27 38.94 0.40
-9999.00 11192.73
224.80 -50.26 -50.54 -58.94 341.55 282.65 40.84 0.40
-9999.00 11603.14
211.80 -52.86 -53.08 -60.83 343.31 282.64 42.63 0.30
-9999.00 11989.55
199.80 -55.06 -55.24 -62.99 345.54 282.80 43.85 0.30
-9999.00 12363.79
187.80 -57.26 -57.42 -65.60 348.11 282.20 44.15 0.20
-9999.00 12757.23
175.80 -59.36 -59.50 -69.00 351.24 281.16 44.18 0.10
-9999.00 13172.50
163.90 -61.06 -61.18 -69.50 355.49 280.01 43.62 -0.10
-9999.00 13609.40
151.90 -62.36 -62.49 -74.74 361.01 278.54 41.87 -0.30
-9999.00 14080.02
139.90 -63.36 -63.48 -75.29 367.83 277.09 37.80 -0.50
-9999.00 14586.61
128.00 -64.56 -64.68 -75.87 375.13 274.13 32.35 -0.50
-9999.00 15130.98
116.00 -66.26 -66.36 -76.51 382.67 269.62 28.96 -0.40
-9999.00 15729.61
104.00 -67.46 -67.55 -77.21 392.50 264.29 29.30 -0.10
-9999.00 16389.04
92.10 -66.56 -66.71 -102.90 408.07 261.41 27.33 0.00
-9999.00 17122.30
80.90 -63.96 -64.19 -103.49 428.78 239.28 15.60 0.00
-9999.00 17911.36
72.00 -65.66 -65.87 -104.02 439.68 196.26 14.58 0.00
-9999.00 18622.15
64.80 -63.66 -63.96 -104.49 457.47 248.06 15.09 0.10
-9999.00 19265.17
58.00 -59.76 -60.28 -104.99 480.96 264.96 6.63 0.00
-9999.00 19951.35
51.70 -58.16 -58.86 -105.50 500.74 63.43 0.87 0.00
-9999.00 20672.30
45.80 -56.66 -57.58 -106.04 521.97 114.27 10.87 0.00
-9999.00 21437.55
40.40 -55.76 -56.90 -106.58 543.25 127.06 11.93 0.00
-9999.00 22234.23
35.30 -55.46 -56.78 -107.17 565.36 126.59 15.98 0.00
-9999.00 23093.57
30.50 -54.66 -56.26 -84.74 591.70 121.66 13.70 0.00
-9999.00 24026.65
26.10 -52.56 -54.79 -85.65 624.54 92.25 9.92 0.00
-9999.00 25027.86
22.00 -48.76 -52.32 -86.63 667.06 59.45 13.77 0.00
-9999.00 26140.87

STID = KSLC STNM = 725720 TIME = 150618/2300
SLAT = 40.78 SLON = -111.97 SELV = 1273.00
STIM = 12

SHOW = 5.40 LIFT = 5.50 SWET = 36.30 KINX = 10.03
LCLP = 742.58 PWAT = 13.20 TOTL = 39.62 CAPE = 0.00
LCLT = 286.18 CINS = 0.00 EQLV = -9999.00 LFCT = -9999.00
BRCH = 0.00

PRES TMPC TMWC DWPC THTE DRCT SKNT OMEG
CFRL HGHT
868.70 26.14 18.80 15.46 351.39 351.87 5.50 0.00
-9999.00 1283.18
866.10 25.84 18.28 14.73 349.61 348.69 6.94 -0.10
-9999.00 1309.62
861.40 26.44 15.99 10.04 340.99 0.00 8.75 -0.10
-9999.00 1357.60
853.30 27.94 13.10 1.50 331.32 16.50 10.95 0.00
-9999.00 1441.02
841.40 27.54 11.19 -4.74 326.56 3.07 10.90 0.20
-9999.00 1565.02
826.00 26.94 10.97 -4.18 328.28 327.26 9.71 0.30
-9999.00 1727.78
807.70 26.04 10.17 -5.53 328.57 318.24 7.30 0.30
-9999.00 1924.68
787.70 24.54 9.51 -5.16 329.82 311.82 4.96 0.40
-9999.00 2144.15
766.00 22.64 8.34 -6.22 329.79 234.69 5.72 0.40
-9999.00 2387.28
741.80 20.44 7.02 -7.23 329.90 212.57 8.30 0.20
-9999.00 2664.72
715.00 17.54 5.40 -8.05 329.83 210.11 11.24 0.10
-9999.00 2979.96
685.60 14.24 3.87 -7.62 330.76 213.93 12.88 0.20
-9999.00 3335.87
653.70 10.24 2.16 -6.61 331.96 211.83 13.27 0.30
-9999.00 3734.72
619.20 6.34 -0.03 -7.24 332.56 213.34 17.68 0.10
-9999.00 4182.38
582.20 2.84 -3.84 -13.84 329.91 230.27 19.46 -0.10
-9999.00 4684.21
542.70 -1.06 -7.93 -22.83 328.06 250.95 17.27 0.00
-9999.00 5248.38
501.10 -5.76 -11.42 -25.89 329.12 261.54 14.54 0.10
-9999.00 5878.49
460.80 -10.86 -15.08 -27.16 330.56 270.00 13.22 0.20
-9999.00 6528.83
424.50 -16.16 -19.00 -28.17 331.52 272.76 16.15 0.10
-9999.00 7152.79
392.00 -21.06 -23.03 -30.70 332.21 272.20 20.23 0.00
-9999.00 7746.57
362.80 -25.56 -27.05 -34.47 332.89 274.69 23.79 -0.10
-9999.00 8312.93
336.40 -29.76 -30.97 -38.99 333.71 277.90 26.88 -0.20
-9999.00 8856.01
312.60 -33.76 -34.73 -43.19 334.72 281.16 29.12 -0.20
-9999.00 9374.60
291.20 -37.66 -38.36 -46.15 335.76 282.37 30.85 0.00
-9999.00 9867.56
272.00 -41.36 -41.88 -49.18 336.79 281.58 32.94 0.20
-9999.00 10334.11
254.70 -44.86 -45.22 -51.55 337.86 280.33 35.76 0.50
-9999.00 10776.67
239.10 -47.86 -48.14 -54.29 339.37 279.51 38.83 0.70
-9999.00 11196.29
224.60 -50.76 -50.97 -56.64 340.95 279.95 41.64 0.90
-9999.00 11606.24
211.60 -53.36 -53.54 -59.42 342.66 281.11 43.38 0.90
-9999.00 11992.13
199.60 -55.66 -55.80 -61.29 344.73 282.15 44.34 0.80
-9999.00 12365.80
187.70 -57.76 -57.91 -65.60 347.36 282.58 44.61 0.70
-9999.00 12755.28
175.70 -59.76 -59.90 -69.01 350.64 281.85 44.49 0.50
-9999.00 13169.91
163.70 -61.36 -61.47 -69.50 355.11 279.88 44.20 0.20
-9999.00 13610.15
151.80 -62.46 -62.59 -74.75 360.90 276.97 43.28 0.00
-9999.00 14076.84
139.80 -63.16 -63.29 -75.29 368.26 272.74 40.67 -0.20
-9999.00 14583.90
127.90 -63.96 -64.09 -75.87 376.29 268.46 36.17 -0.40
-9999.00 15129.72
115.90 -65.36 -65.47 -76.52 384.43 264.29 31.26 -0.50
-9999.00 15731.01
103.90 -66.96 -67.06 -77.22 393.56 263.13 27.61 -0.30
-9999.00 16393.27
92.00 -67.06 -67.20 -102.90 407.21 263.56 24.26 0.00
-9999.00 17127.29
80.90 -63.96 -64.19 -103.49 428.78 240.09 16.37 0.10
-9999.00 17908.79
72.00 -63.96 -64.22 -104.02 443.28 207.00 11.56 0.00
-9999.00 18622.48
64.70 -62.96 -63.28 -104.50 459.20 255.70 10.23 0.00
-9999.00 19278.68
58.00 -58.76 -59.35 -104.99 483.22 316.97 3.99 -0.10
-9999.00 19958.02
51.60 -59.36 -59.97 -105.51 498.22 72.90 7.93 -0.10
-9999.00 20690.77
45.80 -59.16 -59.86 -106.04 515.95 110.77 12.06 0.00
-9999.00 21437.33
40.40 -57.76 -58.67 -106.58 538.25 150.07 7.40 0.00
-9999.00 22225.76
35.30 -57.46 -58.52 -107.17 560.17 155.32 7.91 0.00
-9999.00 23077.20
30.50 -54.06 -55.76 -84.74 593.32 161.03 6.58 0.00
-9999.00 24007.28
26.10 -50.86 -53.48 -85.65 629.36 84.05 9.38 0.00
-9999.00 25013.73
22.00 -47.26 -51.28 -86.63 671.52 78.79 22.99 0.00
-9999.00 26134.75

STID = KSLC STNM = 725720 TIME = 150619/0000
SLAT = 40.78 SLON = -111.97 SELV = 1273.00
STIM = 13

SHOW = 4.24 LIFT = 4.92 SWET = 58.97 KINX = 12.25
LCLP = 748.58 PWAT = 12.82 TOTL = 41.90 CAPE = 0.00
LCLT = 286.29 CINS = 0.00 EQLV = -9999.00 LFCT = -9999.00
BRCH = 0.00

PRES TMPC TMWC DWPC THTE DRCT SKNT OMEG
CFRL HGHT
868.40 25.54 18.62 15.44 350.66 345.38 4.62 0.00
-9999.00 1282.14
865.80 25.24 18.10 14.72 348.92 346.43 5.80 -0.10
-9999.00 1308.54
861.10 26.14 15.52 9.26 339.25 343.01 7.32 -0.20
-9999.00 1356.46
852.90 28.14 13.71 3.16 333.55 17.74 10.20 -0.20
-9999.00 1440.93
841.00 28.04 11.77 -3.10 328.48 19.06 11.31 0.00
-9999.00 1565.17
825.70 27.04 11.38 -2.70 329.69 345.43 10.04 0.20
-9999.00 1727.14
807.40 26.44 10.57 -4.48 329.88 310.60 8.96 0.20
-9999.00 1924.32
787.40 24.84 9.59 -5.33 330.06 291.25 7.51 0.20
-9999.00 2144.15
765.70 22.84 8.78 -4.76 331.24 274.40 5.07 0.20
-9999.00 2387.60
741.50 20.44 7.66 -4.67 332.03 238.74 6.37 0.20
-9999.00 2665.33
714.60 17.64 5.94 -6.09 331.55 228.72 10.61 -0.10
-9999.00 2982.06
685.30 14.64 3.67 -9.09 330.17 227.53 15.55 -0.30
-9999.00 3337.27
653.40 10.94 1.57 -9.92 330.22 226.79 17.60 -0.50
-9999.00 3736.92
619.00 6.84 -0.65 -10.11 330.87 224.19 19.52 -0.40
-9999.00 4184.21
582.00 3.24 -4.40 -17.49 328.47 230.12 20.01 -0.10
-9999.00 4686.81
542.50 -0.86 -7.89 -23.34 328.16 251.77 17.40 0.30
-9999.00 5251.69
500.90 -5.86 -11.41 -25.31 329.21 258.00 15.90 0.40
-9999.00 5882.16
460.60 -10.96 -14.99 -26.01 330.82 260.75 16.94 0.20
-9999.00 6532.56
424.30 -16.06 -18.92 -28.05 331.73 264.86 19.52 -0.30
-9999.00 7156.82
391.90 -20.96 -23.09 -31.71 332.12 268.98 21.77 -0.80
-9999.00 7749.21
362.70 -25.46 -27.24 -37.07 332.57 270.92 24.11 -0.90
-9999.00 8315.91
336.20 -29.76 -31.27 -43.23 333.24 272.12 26.26 -0.80
-9999.00 8861.35
312.50 -33.66 -34.84 -46.90 334.54 273.16 28.23 -0.60
-9999.00 9378.07
291.10 -37.46 -38.30 -48.58 335.89 275.19 30.06 -0.40
-9999.00 9871.48
271.90 -41.16 -41.74 -50.34 337.03 277.59 32.36 -0.20
-9999.00 10338.59
254.60 -44.66 -45.06 -52.23 338.16 279.51 35.28 -0.10
-9999.00 10781.70
239.00 -47.86 -48.14 -54.30 339.41 281.42 38.27 0.10
-9999.00 11201.68
224.60 -50.96 -51.16 -56.64 340.65 283.30 40.55 0.30
-9999.00 11608.70
211.50 -53.66 -53.80 -58.20 342.29 284.16 42.10 0.40
-9999.00 11997.21
199.60 -55.86 -55.99 -61.29 344.42 283.66 42.81 0.50
-9999.00 12367.44
187.60 -57.76 -57.91 -65.61 347.41 282.22 43.16 0.60
-9999.00 12760.11
175.60 -59.26 -59.41 -69.01 351.52 279.89 43.01 0.60
-9999.00 13175.45
163.70 -60.66 -60.79 -69.50 356.28 276.83 42.48 0.40
-9999.00 13613.38
151.70 -61.76 -61.90 -74.75 362.17 273.27 40.89 0.20
-9999.00 14085.70
139.80 -62.76 -62.90 -75.29 368.96 269.11 37.52 -0.10
-9999.00 14590.02
127.80 -63.86 -63.99 -75.88 376.56 266.05 33.90 -0.30
-9999.00 15141.30
115.90 -65.46 -65.57 -76.52 384.25 262.12 31.20 -0.40
-9999.00 15737.81
103.90 -66.36 -66.47 -77.22 394.70 259.55 27.87 -0.20
-9999.00 16400.87
92.00 -66.16 -66.32 -102.90 408.98 259.55 20.36 0.00
-9999.00 17137.56
80.90 -64.36 -64.58 -103.49 427.96 246.12 12.97 0.00
-9999.00 17920.01
71.90 -63.36 -63.64 -104.03 444.73 192.17 10.14 0.00
-9999.00 18642.55
64.70 -62.96 -63.28 -104.50 459.20 268.60 7.97 0.00
-9999.00 19291.15
58.00 -59.96 -60.47 -104.99 480.51 309.47 4.28 0.00
-9999.00 19968.57
51.60 -60.36 -60.90 -105.51 495.89 84.96 6.63 0.00
-9999.00 20697.55
45.80 -59.66 -60.32 -106.04 514.74 121.43 4.10 0.00
-9999.00 21441.50
40.40 -58.66 -59.49 -106.58 536.00 192.53 1.79 0.00
-9999.00 22227.35
35.30 -56.06 -57.30 -107.17 563.80 111.80 1.05 0.00
-9999.00 23079.78
30.50 -51.86 -53.97 -84.74 599.28 51.71 4.71 0.00
-9999.00 24017.57
26.10 -49.76 -52.65 -85.65 632.47 90.64 17.30 0.00
-9999.00 25031.54
22.00 -47.56 -51.48 -86.63 670.62 97.33 19.79 0.00
-9999.00 26154.56

STID = KSLC STNM = 725720 TIME = 150619/0100
SLAT = 40.78 SLON = -111.97 SELV = 1273.00
STIM = 14

SHOW = 4.02 LIFT = 4.17 SWET = 54.36 KINX = 12.34
LCLP = 749.49 PWAT = 12.46 TOTL = 42.35 CAPE = 0.00
LCLT = 285.65 CINS = 0.00 EQLV = -9999.00 LFCT = -9999.00
BRCH = 0.00

PRES TMPC TMWC DWPC THTE DRCT SKNT OMEG
CFRL HGHT
868.10 24.74 17.98 14.76 348.05 342.47 3.87 0.00
-9999.00 1283.12
865.60 24.54 17.29 13.67 345.63 343.74 4.86 -0.10
-9999.00 1308.44
860.90 26.64 15.41 8.65 338.80 353.05 8.03 -0.10
-9999.00 1356.34
852.70 28.74 13.56 2.04 332.91 24.36 11.31 0.00
-9999.00 1440.96
840.80 28.34 12.12 -2.14 329.69 26.98 12.00 0.20
-9999.00 1565.42
825.50 27.44 11.52 -2.74 330.12 350.13 9.08 0.50
-9999.00 1727.62
807.20 26.54 11.10 -2.52 331.73 323.13 6.80 0.80
-9999.00 1925.05
787.20 24.84 10.10 -3.30 331.81 290.14 6.21 0.90
-9999.00 2145.04
765.50 22.84 8.77 -4.77 331.27 259.92 8.88 0.60
-9999.00 2388.59
741.20 20.64 7.41 -5.96 331.20 252.12 12.66 0.00
-9999.00 2667.63
714.50 17.84 5.85 -6.76 331.24 244.84 14.17 -0.50
-9999.00 2982.26
685.10 14.74 3.95 -8.13 331.02 237.06 16.44 -0.70
-9999.00 3338.94
653.20 11.34 1.41 -11.37 329.74 231.34 18.67 -0.50
-9999.00 3739.06
618.80 7.64 -1.36 -14.84 328.88 227.39 19.81 -0.10
-9999.00 4187.27
581.90 3.64 -4.37 -18.53 328.50 238.19 18.07 0.30
-9999.00 4689.56
542.40 -0.96 -7.82 -22.44 328.37 254.41 17.36 0.50
-9999.00 5254.84
500.80 -6.16 -11.49 -24.55 329.10 259.58 17.19 0.50
-9999.00 5884.99
460.50 -11.46 -15.20 -25.27 330.45 258.80 20.01 0.40
-9999.00 6534.57
424.20 -16.26 -19.06 -28.06 331.49 260.31 24.25 0.10
-9999.00 7158.15
391.80 -20.86 -23.28 -34.05 331.77 267.10 26.86 -0.50
-9999.00 7750.54
362.60 -25.36 -27.26 -38.26 332.55 271.62 27.42 -1.00
-9999.00 8317.59
336.20 -29.46 -30.94 -41.83 333.80 271.62 27.42 -1.30
-9999.00 8861.48
312.40 -33.36 -34.52 -45.51 335.11 273.32 26.87 -1.30
-9999.00 9381.12
291.10 -37.16 -38.06 -49.15 336.27 275.23 27.72 -1.20
-9999.00 9872.93
271.80 -40.96 -41.61 -51.68 337.28 277.35 30.38 -1.10
-9999.00 10343.05
254.50 -44.46 -44.90 -52.97 338.45 280.39 33.40 -0.80
-9999.00 10786.71
239.00 -47.86 -48.14 -54.30 339.41 283.51 35.78 -0.60
-9999.00 11204.27
224.50 -51.06 -51.23 -55.68 340.58 286.11 37.83 -0.30
-9999.00 11614.12
211.50 -54.06 -54.19 -58.20 341.66 285.95 39.62 0.10
-9999.00 11999.32
199.50 -56.36 -56.48 -61.30 343.67 283.64 41.20 0.40
-9999.00 12371.97
187.60 -58.26 -58.37 -63.47 346.65 279.89 43.01 0.60
-9999.00 12760.57
175.60 -59.76 -59.90 -69.01 350.69 276.06 44.18 0.60
-9999.00 13174.94
163.70 -60.86 -60.98 -69.50 355.94 273.51 44.40 0.40
-9999.00 13612.16
151.70 -61.76 -61.90 -74.75 362.17 271.56 42.97 0.30
-9999.00 14084.26
139.80 -62.66 -62.80 -75.29 369.14 268.04 39.87 0.10
-9999.00 14588.69
127.80 -63.56 -63.69 -75.88 377.09 265.00 35.71 0.00
-9999.00 15140.50
115.90 -64.96 -65.08 -76.52 385.17 262.79 30.96 -0.20
-9999.00 15738.15
103.90 -66.26 -66.37 -77.22 394.90 263.85 25.42 -0.20
-9999.00 16402.18
91.90 -66.36 -66.49 -78.00 408.77 258.47 19.44 -0.10
-9999.00 17145.27
80.80 -64.16 -64.39 -103.50 428.52 251.57 12.91 0.00
-9999.00 17928.63
71.90 -63.16 -63.45 -104.03 445.15 189.66 9.27 0.00
-9999.00 18644.28
64.70 -62.66 -62.99 -104.50 459.85 266.82 7.01 0.00
-9999.00 19293.65
57.90 -59.86 -60.38 -105.00 480.98 303.69 1.40 -0.10
-9999.00 19982.41
51.60 -61.06 -61.56 -105.51 494.26 116.57 7.82 0.00
-9999.00 20699.63
45.80 -59.96 -60.60 -106.04 514.02 160.71 4.12 0.00
-9999.00 21441.83
40.40 -58.36 -59.21 -106.58 536.75 315.00 0.82 0.00
-9999.00 22227.68
35.30 -55.16 -56.52 -107.17 566.14 52.52 7.35 0.00
-9999.00 23082.48
30.50 -51.96 -54.05 -84.74 599.01 61.19 13.31 0.00
-9999.00 24021.98
26.10 -50.26 -53.02 -85.65 631.06 86.86 17.72 0.00
-9999.00 25034.58
22.00 -47.76 -51.62 -86.63 670.03 105.48 13.11 0.00
-9999.00 26155.85

STID = KSLC STNM = 725720 TIME = 150619/0200
SLAT = 40.78 SLON = -111.97 SELV = 1273.00
STIM = 15

SHOW = 3.87 LIFT = 3.87 SWET = 49.36 KINX = 9.68
LCLP = 774.35 PWAT = 11.88 TOTL = 42.64 CAPE = 0.00
LCLT = 287.49 CINS = 0.00 EQLV = -9999.00 LFCT = -9999.00
BRCH = 0.00

PRES TMPC TMWC DWPC THTE DRCT SKNT OMEG
CFRL HGHT
867.80 23.84 18.52 16.11 350.43 310.60 1.79 0.00
-9999.00 1283.10
865.20 25.04 15.41 9.76 338.27 316.85 4.26 0.00
-9999.00 1309.41
860.50 27.34 15.27 7.80 338.24 347.28 6.18 0.00
-9999.00 1357.38
852.40 29.14 13.46 1.29 332.54 32.47 10.14 0.20
-9999.00 1441.14
840.50 28.74 12.31 -1.97 330.33 27.55 10.09 0.40
-9999.00 1565.80
825.20 27.64 11.61 -2.67 330.44 8.13 6.87 0.50
-9999.00 1728.23
806.90 26.44 11.10 -2.39 331.78 338.75 3.75 0.40
-9999.00 1925.76
786.90 25.14 10.32 -2.89 332.57 276.17 7.23 0.10
-9999.00 2145.92
765.20 23.04 9.05 -4.00 332.20 261.16 8.85 -0.20
-9999.00 2389.79
740.90 20.84 7.43 -6.21 331.28 247.31 11.59 -0.30
-9999.00 2669.15
714.20 18.24 5.61 -8.42 330.48 241.59 13.48 -0.20
-9999.00 2984.19
684.80 15.14 3.40 -11.30 329.35 238.91 15.43 -0.10
-9999.00 3341.40
653.00 11.74 0.92 -14.69 328.33 241.65 16.79 0.20
-9999.00 3740.82
618.60 7.94 -1.62 -17.06 328.16 250.77 17.70 0.30
-9999.00 4189.60
581.70 3.54 -4.60 -19.57 327.97 260.16 19.33 0.20
-9999.00 4692.17
542.20 -1.26 -7.85 -21.51 328.38 262.26 20.21 0.10
-9999.00 5257.23
500.70 -6.36 -11.38 -23.06 329.39 260.89 20.87 0.10
-9999.00 5885.51
460.40 -11.56 -15.27 -25.27 330.35 260.05 22.50 0.10
-9999.00 6534.89
424.10 -16.46 -19.23 -28.30 331.19 261.87 26.12 0.00
-9999.00 7158.24
391.70 -21.06 -23.17 -31.72 332.04 266.50 28.63 -0.30
-9999.00 7750.33
362.50 -25.46 -27.12 -35.80 332.85 268.87 29.55 -0.60
-9999.00 8317.24
336.10 -29.16 -30.69 -41.84 334.24 269.24 29.16 -0.90
-9999.00 8861.53
312.30 -32.96 -34.26 -47.42 335.54 272.73 28.61 -1.00
-9999.00 9382.07
291.00 -36.76 -37.75 -50.40 336.80 276.09 29.32 -1.10
-9999.00 9874.87
271.70 -40.56 -41.24 -51.68 337.90 279.76 30.97 -1.10
-9999.00 10345.95
254.50 -44.16 -44.60 -52.24 338.93 283.87 32.44 -1.10
-9999.00 10787.80
238.90 -47.66 -47.93 -53.50 339.79 288.02 33.93 -1.00
-9999.00 11208.60
224.50 -50.96 -51.14 -55.68 340.73 289.04 35.16 -0.90
-9999.00 11615.99
211.40 -53.86 -53.99 -58.20 342.02 287.19 36.83 -0.70
-9999.00 12004.50
199.50 -56.26 -56.38 -61.30 343.83 284.25 38.71 -0.50
-9999.00 12374.40
187.50 -58.26 -58.37 -63.47 346.70 280.01 40.27 -0.20
-9999.00 12766.45
175.60 -59.96 -60.09 -69.01 350.37 276.19 41.45 0.10
-9999.00 13177.29
163.60 -61.46 -61.57 -69.51 355.00 272.90 42.23 0.30
-9999.00 13617.48
151.70 -62.56 -62.69 -74.75 360.80 270.00 42.37 0.40
-9999.00 14084.25
139.70 -63.56 -63.68 -75.30 367.63 266.26 41.69 0.40
-9999.00 14591.05
127.80 -63.96 -64.09 -75.88 376.38 264.32 39.26 0.20
-9999.00 15136.76
115.80 -64.06 -64.20 -76.52 386.93 262.75 32.33 0.00
-9999.00 15740.42
103.90 -65.16 -65.29 -77.22 396.99 259.65 20.55 -0.20
-9999.00 16402.37
91.90 -66.96 -67.08 -78.00 407.59 253.61 13.78 -0.10
-9999.00 17146.37
80.80 -64.56 -64.78 -103.50 427.70 251.57 10.45 0.00
-9999.00 17927.84
71.90 -63.76 -64.02 -104.03 443.88 183.65 9.15 0.00
-9999.00 18641.78
64.70 -63.06 -63.38 -104.50 458.98 270.00 8.36 0.00
-9999.00 19289.61
57.90 -60.16 -60.66 -105.00 480.30 232.43 3.19 0.00
-9999.00 19977.23
51.60 -61.26 -61.75 -105.51 493.79 155.56 2.35 0.00
-9999.00 20693.60
45.80 -58.76 -59.49 -106.04 516.91 243.43 3.91 0.00
-9999.00 21437.55
40.30 -57.26 -58.23 -106.59 539.88 56.89 5.34 0.00
-9999.00 22243.24
35.30 -54.56 -56.01 -107.17 567.70 66.57 12.71 0.00
-9999.00 23085.63
30.50 -52.96 -54.86 -84.74 596.30 72.51 14.88 0.00
-9999.00 24024.27
26.10 -50.06 -52.87 -85.65 631.62 91.91 17.50 0.00
-9999.00 25035.05
22.00 -46.96 -51.08 -86.63 672.41 99.89 16.97 0.00
-9999.00 26158.82
STN YYMMDD/HHMM PMSL PRES SKTC STC1 SNFL WTNS
P01M C01M STC2 LCLD MCLD HCLD
SNRA UWND VWND R01M BFGR T2MS
Q2MS WXTS WXTP WXTZ WXTR USTM
VSTM HLCY SLLH WSYM CDBP VSBK
TD2M
725720 150618/1100 1009.60 871.70 16.64 289.80 -9999.00 0.00
-9999.00 -9999.00 290.90 -9999.00 -9999.00 -9999.00
0.00 -0.90 3.40 -9999.00 -9999.00 18.34
11.61 0.00 0.00 0.00 0.00 1.80
-4.00 6.50 -9999.00 999.00 -9999.00 -10.00
14.12
725720 150618/1200 1009.50 871.70 15.64 288.80 0.00 0.00
0.00 -9999.00 289.80 -9999.00 -9999.00 -9999.00
0.00 -1.20 3.40 -9999.00 -9999.00 18.34
10.39 0.00 0.00 0.00 0.00 1.80
-3.20 50.10 0.26 999.00 -9999.00 -10.00
12.43
725720 150618/1300 1010.10 872.30 17.94 291.10 0.00 0.00
0.00 -9999.00 291.20 -9999.00 -9999.00 -9999.00
0.00 -1.30 -0.10 -9999.00 -9999.00 20.74
12.72 0.00 0.00 0.00 0.00 3.30
-4.20 -10.80 0.03 999.00 -9999.00 -10.00
15.53
725720 150618/1400 1009.70 872.30 20.64 293.80 0.00 0.00
0.00 -9999.00 293.70 -9999.00 -9999.00 -9999.00
0.00 -1.70 0.10 -9999.00 -9999.00 21.74
12.78 0.00 0.00 0.00 0.00 3.60
-4.40 32.10 0.43 999.00 -9999.00 -10.00
15.60
725720 150618/1500 1008.90 872.00 24.34 297.50 0.00 0.00
0.00 -9999.00 296.70 -9999.00 -9999.00 -9999.00
0.00 -0.10 1.20 -9999.00 -9999.00 24.04
15.67 0.00 0.00 0.00 0.00 2.10
-3.60 6.20 0.50 999.00 -9999.00 -10.00
18.79
725720 150618/1600 1009.00 872.30 26.54 299.70 0.00 0.00
0.00 -9999.00 298.90 -9999.00 -9999.00 -9999.00
0.00 0.80 0.40 -9999.00 -9999.00 25.54
16.00 0.00 0.00 0.00 0.00 1.80
-2.90 8.00 0.79 999.00 -9999.00 -10.00
19.13
725720 150618/1700 1009.20 872.50 27.14 300.30 0.00 0.00
0.00 -9999.00 299.90 -9999.00 -9999.00 -9999.00
0.00 2.20 -2.10 -9999.00 -9999.00 25.44
17.90 0.00 0.00 0.00 0.00 2.80
-2.70 14.80 1.22 999.00 -9999.00 -10.00
20.92
725720 150618/1800 1009.10 872.30 26.34 299.50 0.00 0.00
0.00 -9999.00 299.20 -9999.00 -9999.00 -9999.00
0.00 2.10 -3.00 -9999.00 -9999.00 25.24
16.16 0.00 0.00 0.00 0.00 5.40
-2.80 31.80 1.45 999.00 -9999.00 -10.00
19.29
725720 150618/1900 1008.80 872.00 27.04 300.20 0.00 0.00
0.00 -9999.00 299.80 -9999.00 -9999.00 -9999.00
0.00 0.70 -3.60 -9999.00 -9999.00 25.14
17.47 0.00 0.00 0.00 0.00 8.90
-2.30 5.20 1.44 999.00 -9999.00 -10.00
20.52
725720 150618/2000 1008.10 871.60 27.34 300.50 0.00 0.00
0.00 -9999.00 300.20 -9999.00 -9999.00 -9999.00
0.00 -0.40 -3.70 -9999.00 -9999.00 25.74
17.74 0.00 0.00 0.00 0.00 8.20
-3.40 -0.30 1.47 999.00 -9999.00 -10.00
20.76
725720 150618/2100 1007.40 871.10 27.44 300.60 0.00 0.00
0.00 -9999.00 300.40 -9999.00 -9999.00 -9999.00
0.00 -0.20 -3.60 -9999.00 -9999.00 26.24
17.96 0.00 0.00 0.00 0.00 7.80
-3.90 17.50 1.42 999.00 -9999.00 -10.00
20.95
725720 150618/2200 1006.60 870.40 27.14 300.30 0.00 0.00
0.00 -9999.00 300.10 -9999.00 -9999.00 -9999.00
0.00 0.00 -3.40 -9999.00 -9999.00 26.44
17.80 0.00 0.00 0.00 0.00 8.40
-3.90 12.90 1.29 999.00 -9999.00 -10.00
20.80
725720 150618/2300 1005.70 869.70 27.04 300.20 0.00 0.00
0.00 -9999.00 300.00 -9999.00 -9999.00 -9999.00
0.00 0.50 -3.20 -9999.00 -9999.00 26.24
18.82 0.00 0.00 0.00 0.00 8.80
-4.10 -11.00 1.03 999.00 -9999.00 -10.00
21.68
725720 150619/0000 1005.40 869.30 25.94 299.10 0.00 0.00
0.00 -9999.00 299.20 -9999.00 -9999.00 -9999.00
0.00 0.70 -2.60 -9999.00 -9999.00 25.54
18.22 0.00 0.00 0.00 0.00 9.70
-4.20 -26.70 0.78 999.00 -9999.00 -10.00
21.15
725720 150619/0100 1005.40 869.10 24.24 297.40 0.00 0.00
0.00 -9999.00 297.80 -9999.00 -9999.00 -9999.00
0.00 0.70 -2.20 -9999.00 -9999.00 24.44
16.98 0.00 0.00 0.00 0.00 10.30
-4.50 -38.80 0.56 999.00 -9999.00 -10.00
20.02
725720 150619/0200 1005.10 868.80 22.84 296.00 0.00 0.00
0.00 -9999.00 296.40 -9999.00 -9999.00 -9999.00
0.00 1.20 -0.90 -9999.00 -9999.00 23.34
17.43 0.00 0.00 0.00 0.00 10.10
-5.50 8.80 0.14 999.00 -9999.00 -10.00
20.43


