
SNPARM = PRES;TMPC;TMWC;DWPC;THTE;DRCT;SKNT;OMEG;CFRL;HGHT
STNPRM = SHOW;LIFT;SWET;KINX;LCLP;PWAT;TOTL;CAPE;LCLT;CINS;EQLV;LFCT;BRCH

STID = KSLC STNM = 725720 TIME = 150618/2300
SLAT = 40.78 SLON = -111.97 SELV = 1273
STIM = 0

SHOW = 3.63 LIFT = 2.98 SWET = 42.55 KINX = 14.99
LCLP = 711.99 PWAT = 15.14 TOTL = 43.05 CAPE = 0.98
LCLT = 286.04 CINS = -414.45 EQLV = 384.80 LFCT = 422.00
BRCH = 0.02

PRES TMPC TMWC DWPC THTE DRCT SKNT OMEG
CFRL HGHT
868.00 29.54 20.06 15.96 356.97 355.14 9.17 0.00
-9999.00 1282.27
865.40 29.64 19.01 14.02 352.58 354.96 13.27 0.00
-9999.00 1309.05
860.80 30.14 16.02 7.38 340.73 354.22 15.43 0.00
-9999.00 1356.60
852.60 30.84 13.72 0.10 333.12 350.31 16.17 0.00
-9999.00 1441.99
840.70 30.24 13.12 -1.00 332.88 348.37 13.50 0.00
-9999.00 1567.27
825.40 29.24 12.51 -1.48 333.31 346.55 9.19 0.00
-9999.00 1730.53
807.10 27.74 11.75 -1.78 333.79 340.97 5.96 0.00
-9999.00 1929.00
787.10 25.84 10.77 -2.22 333.97 316.74 4.54 0.00
-9999.00 2149.86
765.40 23.64 9.64 -2.73 334.04 270.00 3.69 0.00
-9999.00 2394.25
741.10 21.14 8.29 -3.43 334.03 209.48 5.14 0.00
-9999.00 2674.05
714.30 18.44 6.73 -4.42 333.99 176.88 10.71 0.00
-9999.00 2990.65
685.00 15.14 4.83 -5.57 333.63 169.38 15.82 0.00
-9999.00 3346.95
653.10 11.24 2.71 -6.30 333.52 173.60 19.17 0.00
-9999.00 3747.56
618.60 6.84 0.22 -7.18 333.32 180.00 22.55 0.00
-9999.00 4196.85
581.70 2.44 -2.85 -9.52 332.57 185.98 24.24 0.00
-9999.00 4698.01
542.20 -1.56 -6.99 -16.19 330.46 208.11 19.39 0.00
-9999.00 5262.07
500.60 -6.16 -11.38 -23.83 329.38 253.11 11.38 0.00
-9999.00 5891.93
460.30 -11.56 -15.68 -28.18 329.50 266.25 11.88 0.00
-9999.00 6541.63
424.00 -16.66 -19.89 -32.52 329.92 263.33 15.07 0.00
-9999.00 7164.78
391.60 -20.96 -23.59 -36.54 331.25 273.18 17.52 0.00
-9999.00 7756.80
362.40 -24.96 -27.00 -39.04 333.03 281.20 19.02 0.00
-9999.00 8324.47
336.00 -28.86 -30.36 -40.61 334.83 287.88 18.99 0.00
-9999.00 8869.78
312.30 -33.36 -34.34 -42.53 335.45 290.81 20.79 0.00
-9999.00 9388.14
290.90 -37.66 -38.30 -44.94 335.98 289.01 24.47 0.00
-9999.00 9882.01
271.70 -41.56 -41.99 -47.67 336.72 287.79 27.36 0.00
-9999.00 10348.86
254.40 -44.96 -45.29 -50.92 337.87 286.00 28.92 0.00
-9999.00 10791.65
238.90 -48.06 -48.33 -54.30 339.15 284.04 29.65 0.00
-9999.00 11208.73
224.40 -51.36 -51.57 -57.73 340.08 283.08 30.93 0.00
-9999.00 11618.30
211.40 -54.56 -54.72 -60.85 340.84 283.39 33.57 0.00
-9999.00 12002.97
199.40 -57.36 -57.48 -63.01 342.09 282.63 36.45 0.00
-9999.00 12374.52
187.50 -59.46 -59.57 -65.61 344.72 280.92 39.00 0.00
-9999.00 12761.33
175.50 -60.76 -60.85 -66.10 349.15 278.57 39.12 0.00
-9999.00 13173.81
163.60 -61.66 -61.77 -69.51 354.66 275.86 36.15 0.00
-9999.00 13609.43
151.60 -62.66 -62.76 -70.04 360.75 271.42 31.30 0.00
-9999.00 14079.94
139.70 -63.96 -64.07 -75.30 366.93 266.27 26.88 0.00
-9999.00 14582.09
127.70 -64.96 -65.07 -75.88 374.66 261.56 25.15 0.00
-9999.00 15130.76
115.80 -65.16 -65.28 -76.52 384.90 257.42 25.89 0.00
-9999.00 15726.62
103.90 -64.66 -64.83 -102.34 397.89 252.01 23.91 0.00
-9999.00 16387.62
91.90 -64.36 -64.56 -102.91 412.67 246.23 17.84 0.00
-9999.00 17137.17
80.80 -64.26 -64.48 -103.50 428.32 237.80 12.40 0.00
-9999.00 17924.11
71.90 -63.96 -64.22 -104.03 443.46 232.22 9.84 0.00
-9999.00 18638.22
64.70 -62.56 -62.90 -104.50 460.07 229.76 6.62 0.00
-9999.00 19286.51
57.90 -61.06 -61.51 -105.00 478.27 176.82 3.50 0.00
-9999.00 19973.49
51.60 -59.46 -60.06 -105.51 497.98 117.98 7.04 0.00
-9999.00 20691.37
45.80 -58.86 -59.58 -106.04 516.67 111.61 11.08 0.00
-9999.00 21438.28
40.30 -57.96 -58.86 -106.59 538.13 116.57 12.17 0.00
-9999.00 22242.47
35.30 -56.36 -57.56 -107.17 563.02 112.96 12.46 0.00
-9999.00 23080.02
30.50 -53.66 -55.43 -84.74 594.40 102.72 12.35 0.00
-9999.00 24013.31
26.10 -50.46 -53.17 -85.65 630.49 93.69 12.08 0.00
-9999.00 25021.59
22.00 -47.26 -51.28 -86.63 671.52 90.00 14.00 0.00
-9999.00 26143.60

STID = KSLC STNM = 725720 TIME = 150619/0000
SLAT = 40.78 SLON = -111.97 SELV = 1273.00
STIM = 1

SHOW = -0.11 LIFT = 2.78 SWET = 143.16 KINX = 22.00
LCLP = 710.52 PWAT = 16.26 TOTL = 49.27 CAPE = 355.89
LCLT = 286.31 CINS = -355.90 EQLV = 227.71 LFCT = 476.45
BRCH = 7.32

PRES TMPC TMWC DWPC THTE DRCT SKNT OMEG
CFRL HGHT
867.40 29.94 20.34 16.25 358.36 27.65 4.61 0.00
-9999.00 1282.29
864.80 30.44 18.71 13.00 351.27 23.20 8.88 0.00
-9999.00 1309.14
860.10 30.34 17.37 10.37 346.35 24.78 11.13 -0.20
-9999.00 1357.85
852.00 29.64 16.58 9.19 344.53 25.80 12.95 -0.30
-9999.00 1442.27
840.10 29.24 14.04 3.22 336.60 15.19 14.10 -0.20
-9999.00 1567.40
824.70 28.84 12.39 -1.36 333.07 357.99 11.09 0.00
-9999.00 1731.55
806.40 27.54 11.72 -1.60 333.84 339.44 8.30 0.30
-9999.00 1930.00
786.50 25.64 10.76 -1.97 334.07 310.16 8.14 0.40
-9999.00 2149.80
764.80 23.54 9.66 -2.51 334.22 287.59 8.36 0.10
-9999.00 2394.27
740.50 21.14 8.40 -3.04 334.49 247.38 5.05 -0.50
-9999.00 2674.26
713.80 18.34 6.92 -3.63 334.71 201.80 8.37 -1.00
-9999.00 2989.89
684.40 15.24 4.76 -5.94 333.51 195.02 16.50 -1.00
-9999.00 3347.70
652.60 11.54 2.36 -7.93 332.57 192.80 17.54 -0.40
-9999.00 3747.60
618.20 7.14 0.09 -8.04 333.00 203.90 16.80 0.20
-9999.00 4196.30
581.20 2.24 -2.40 -7.85 333.86 218.76 17.70 0.40
-9999.00 4699.32
541.70 -1.86 -6.14 -12.31 332.65 220.67 16.40 0.40
-9999.00 5263.57
500.20 -5.66 -11.16 -24.35 329.90 253.66 11.75 0.30
-9999.00 5892.82
459.90 -11.36 -15.70 -29.43 329.51 268.21 12.45 0.10
-9999.00 6543.89
423.70 -16.56 -19.77 -32.01 330.22 262.67 13.72 -0.10
-9999.00 7166.17
391.30 -21.06 -23.55 -35.23 331.41 272.73 16.35 -0.40
-9999.00 7758.64
362.10 -25.16 -27.04 -37.54 333.06 278.75 17.90 -0.60
-9999.00 8326.44
335.80 -29.36 -30.67 -39.26 334.39 280.47 18.19 -0.70
-9999.00 8869.32
312.10 -33.66 -34.49 -41.03 335.28 282.46 18.91 -0.50
-9999.00 9387.16
290.70 -37.86 -38.36 -43.20 335.95 284.29 21.26 -0.20
-9999.00 9880.85
271.50 -41.66 -41.99 -45.96 336.80 284.70 24.52 0.10
-9999.00 10347.75
254.20 -44.96 -45.27 -50.33 337.98 284.04 27.25 0.30
-9999.00 10790.78
238.70 -48.06 -48.31 -53.51 339.27 282.28 29.24 0.40
-9999.00 11208.21
224.20 -51.26 -51.45 -56.66 340.36 280.53 30.84 0.40
-9999.00 11618.22
211.20 -54.26 -54.40 -59.43 341.45 278.80 33.04 0.40
-9999.00 12003.60
199.30 -56.76 -56.89 -63.01 343.09 278.04 36.12 0.30
-9999.00 12373.09
187.30 -58.86 -58.98 -65.62 345.79 278.13 38.49 0.20
-9999.00 12764.55
175.40 -60.26 -60.36 -66.10 350.03 277.97 39.26 0.10
-9999.00 13174.98
163.50 -61.36 -61.47 -69.51 355.23 277.42 37.64 0.00
-9999.00 13611.68
151.50 -62.46 -62.56 -70.05 361.16 275.28 33.77 -0.10
-9999.00 14083.04
139.60 -63.66 -63.78 -75.30 367.53 271.15 28.97 -0.10
-9999.00 14586.14
127.70 -64.76 -64.87 -75.88 375.02 266.16 26.11 -0.20
-9999.00 15131.09
115.70 -65.46 -65.57 -76.53 384.44 260.75 25.41 -0.20
-9999.00 15732.06
103.80 -65.46 -65.61 -102.35 396.47 257.07 24.33 -0.10
-9999.00 16391.92
91.80 -64.96 -65.14 -102.91 411.61 255.96 19.23 -0.10
-9999.00 17139.73
80.80 -64.16 -64.39 -103.50 428.52 243.81 13.21 0.00
-9999.00 17919.07
71.90 -63.86 -64.12 -104.03 443.67 230.71 11.05 0.00
-9999.00 18633.53
64.60 -62.66 -62.99 -104.51 460.06 234.09 6.96 0.00
-9999.00 19291.32
57.90 -60.96 -61.42 -105.00 478.50 173.66 3.52 0.00
-9999.00 19968.72
51.60 -59.26 -59.88 -105.51 498.45 137.39 6.60 0.00
-9999.00 20687.12
45.70 -58.76 -59.49 -106.05 517.23 124.99 9.49 0.00
-9999.00 21448.26
40.30 -57.46 -58.41 -106.59 539.38 125.36 7.39 0.00
-9999.00 22239.81
35.20 -54.86 -56.27 -107.18 567.38 112.07 7.76 0.00
-9999.00 23099.25
30.50 -52.16 -54.21 -84.74 598.47 85.43 9.75 0.00
-9999.00 24020.72
26.10 -49.36 -52.35 -85.65 633.60 74.29 12.92 0.00
-9999.00 25034.92
22.00 -46.76 -50.94 -86.63 673.00 75.47 16.27 0.00
-9999.00 26160.94

STID = KSLC STNM = 725720 TIME = 150619/0100
SLAT = 40.78 SLON = -111.97 SELV = 1273.00
STIM = 2

SHOW = 3.64 LIFT = 3.81 SWET = 53.85 KINX = 13.28
LCLP = 698.31 PWAT = 14.23 TOTL = 43.08 CAPE = 0.00
LCLT = 284.88 CINS = 0.00 EQLV = -9999.00 LFCT = -9999.00
BRCH = 0.00

PRES TMPC TMWC DWPC THTE DRCT SKNT OMEG
CFRL HGHT
866.50 29.84 19.63 15.05 355.20 35.75 5.99 0.10
-9999.00 1282.28
863.90 31.04 16.66 8.19 342.66 33.11 10.67 0.20
-9999.00 1309.15
859.20 31.54 14.63 2.20 335.36 32.01 12.84 0.30
-9999.00 1357.96
851.10 31.04 14.13 1.30 334.84 26.57 13.91 0.40
-9999.00 1442.64
839.20 30.34 12.97 -1.65 332.56 19.77 13.22 0.50
-9999.00 1568.21
823.90 29.24 12.45 -1.67 333.33 2.16 10.31 0.40
-9999.00 1731.78
805.70 27.84 11.77 -1.78 334.10 304.99 7.12 0.10
-9999.00 1929.55
785.70 26.34 10.72 -3.08 333.90 263.66 8.80 0.10
-9999.00 2151.01
764.10 24.14 9.53 -3.77 333.81 241.61 8.18 0.50
-9999.00 2395.06
739.90 21.74 7.93 -5.59 332.95 215.31 11.43 0.80
-9999.00 2674.62
713.10 18.74 6.26 -6.58 332.63 208.54 12.61 0.80
-9999.00 2992.11
683.80 15.34 4.34 -7.61 332.32 205.11 13.74 0.90
-9999.00 3349.21
652.00 11.44 2.29 -8.02 332.47 208.89 12.88 1.10
-9999.00 3749.41
617.60 7.04 0.20 -7.53 333.43 221.35 12.95 1.30
-9999.00 4198.39
580.70 2.34 -2.44 -8.11 333.84 228.81 16.53 1.10
-9999.00 4700.52
541.30 -1.46 -6.62 -14.84 331.54 231.74 17.58 0.50
-9999.00 5264.21
499.70 -5.56 -11.33 -26.04 329.60 244.54 13.56 0.00
-9999.00 5895.99
459.50 -10.96 -15.51 -30.04 329.96 266.31 12.08 -0.40
-9999.00 6546.63
423.30 -16.36 -19.61 -31.86 330.61 268.32 13.22 -0.20
-9999.00 7170.18
391.00 -20.86 -23.38 -35.04 331.78 272.02 16.53 0.20
-9999.00 7761.80
361.90 -25.06 -26.95 -37.32 333.28 274.21 18.52 0.50
-9999.00 8328.37
335.50 -29.26 -30.59 -39.27 334.62 274.90 20.48 0.50
-9999.00 8873.93
311.80 -33.46 -34.37 -41.61 335.57 277.79 22.95 0.50
-9999.00 9392.57
290.50 -37.56 -38.16 -44.22 336.33 281.14 26.15 0.50
-9999.00 9884.87
271.30 -41.36 -41.78 -47.22 337.19 282.36 29.05 0.40
-9999.00 10352.70
254.00 -44.86 -45.17 -50.34 338.21 282.30 31.04 0.40
-9999.00 10796.45
238.50 -48.16 -48.40 -53.52 339.20 280.49 32.02 0.40
-9999.00 11214.21
224.10 -51.36 -51.55 -56.66 340.25 278.70 33.43 0.40
-9999.00 11621.48
211.10 -54.26 -54.40 -59.44 341.49 277.82 35.71 0.40
-9999.00 12006.95
199.10 -56.76 -56.87 -61.31 343.23 278.99 38.57 0.30
-9999.00 12379.81
187.20 -58.76 -58.86 -63.48 346.05 281.52 40.87 0.20
-9999.00 12768.40
175.30 -60.36 -60.46 -66.10 349.92 284.69 41.40 0.10
-9999.00 13179.06
163.30 -61.56 -61.67 -69.52 355.02 286.06 38.64 -0.10
-9999.00 13619.52
151.40 -62.76 -62.86 -70.05 360.71 283.38 32.77 -0.20
-9999.00 14086.84
139.50 -63.96 -64.07 -75.31 367.08 274.62 26.52 -0.30
-9999.00 14589.56
127.60 -65.26 -65.36 -75.89 374.20 265.03 22.44 -0.30
-9999.00 15133.87
115.60 -66.26 -66.36 -76.53 383.05 258.29 22.03 -0.10
-9999.00 15733.47
103.70 -66.06 -66.20 -102.35 395.44 255.96 24.04 0.00
-9999.00 16391.70
91.80 -64.46 -64.65 -102.91 412.60 249.64 20.11 0.00
-9999.00 17133.46
80.70 -63.96 -64.19 -103.50 429.08 226.30 12.10 0.00
-9999.00 17921.69
71.80 -64.26 -64.51 -104.03 443.00 239.38 11.07 0.00
-9999.00 18636.74
64.60 -61.36 -61.75 -104.51 462.90 238.57 8.20 0.00
-9999.00 19287.38
57.90 -61.06 -61.51 -105.00 478.27 185.19 4.29 0.00
-9999.00 19966.70
51.60 -59.06 -59.69 -105.51 498.92 161.57 3.07 0.00
-9999.00 20685.26
45.70 -58.36 -59.13 -106.05 518.20 121.43 4.10 0.00
-9999.00 21447.47
40.30 -55.76 -56.90 -106.59 543.63 111.25 3.75 0.00
-9999.00 22242.89
35.20 -54.06 -55.59 -107.18 569.46 88.49 7.39 0.00
-9999.00 23107.28
30.50 -51.46 -53.65 -84.74 600.36 83.42 10.17 0.00
-9999.00 24031.90
26.10 -49.26 -52.28 -85.65 633.89 79.48 13.84 0.00
-9999.00 25047.92
22.00 -46.56 -50.81 -86.63 673.60 82.87 17.24 0.00
-9999.00 26174.69

STID = KSLC STNM = 725720 TIME = 150619/0200
SLAT = 40.78 SLON = -111.97 SELV = 1273.00
STIM = 3

SHOW = 4.72 LIFT = 4.18 SWET = 35.68 KINX = 10.05
LCLP = 753.02 PWAT = 13.30 TOTL = 40.77 CAPE = 0.00
LCLT = 289.64 CINS = 0.00 EQLV = -9999.00 LFCT = -9999.00
BRCH = 0.00

PRES TMPC TMWC DWPC THTE DRCT SKNT OMEG
CFRL HGHT
866.60 28.34 21.40 18.71 363.81 241.39 4.87 -0.10
-9999.00 1282.25
864.00 30.24 18.00 11.71 348.35 315.00 1.92 -0.30
-9999.00 1309.06
859.30 31.84 14.80 2.42 335.94 35.91 6.96 -0.50
-9999.00 1357.86
851.20 31.64 13.64 -1.23 332.86 41.08 10.06 -0.80
-9999.00 1442.63
839.30 30.54 13.12 -1.35 333.06 36.19 9.88 -1.10
-9999.00 1568.32
824.00 29.24 12.44 -1.73 333.25 32.66 9.00 -1.50
-9999.00 1731.93
805.70 27.54 11.60 -2.00 333.54 1.97 5.64 -1.90
-9999.00 1930.67
785.80 25.84 10.63 -2.71 333.68 296.57 4.35 -1.60
-9999.00 2150.71
764.10 24.24 9.27 -4.94 332.89 226.97 7.98 -1.00
-9999.00 2395.70
739.90 21.84 7.74 -6.55 332.28 212.01 11.00 -0.50
-9999.00 2675.30
713.20 18.94 6.05 -7.78 331.90 206.57 12.60 -0.40
-9999.00 2991.70
683.90 15.54 4.23 -8.41 331.92 206.97 12.43 -0.40
-9999.00 3348.94
652.10 11.64 2.22 -8.59 332.24 212.91 11.81 -0.40
-9999.00 3749.32
617.70 7.44 -0.16 -9.37 332.37 226.33 11.82 -0.20
-9999.00 4198.62
580.80 2.64 -2.92 -10.06 332.54 229.16 15.16 0.20
-9999.00 4701.15
541.30 -1.26 -7.03 -17.07 330.52 234.90 17.58 0.50
-9999.00 5266.59
499.80 -5.26 -11.39 -28.11 329.39 256.31 15.60 0.70
-9999.00 5897.27
459.60 -10.66 -15.47 -31.68 329.96 269.22 14.19 0.50
-9999.00 6548.46
423.40 -15.86 -19.37 -32.89 331.01 262.50 14.90 0.30
-9999.00 7172.80
391.00 -20.56 -23.18 -35.24 332.14 266.27 17.92 0.20
-9999.00 7767.10
361.90 -24.86 -26.83 -37.79 333.48 271.09 20.41 -0.10
-9999.00 8334.23
335.60 -29.16 -30.59 -40.34 334.57 277.37 22.74 -0.50
-9999.00 8877.97
311.90 -33.36 -34.37 -42.87 335.53 280.97 25.54 -0.80
-9999.00 9396.64
290.50 -37.46 -38.17 -45.75 336.32 283.74 27.82 -1.00
-9999.00 9891.38
271.30 -41.26 -41.76 -48.67 337.22 285.32 29.43 -1.00
-9999.00 10359.39
254.10 -44.86 -45.20 -50.93 338.13 284.56 30.93 -0.90
-9999.00 10800.58
238.50 -48.26 -48.50 -53.52 339.05 282.87 32.30 -0.70
-9999.00 11220.86
224.10 -51.46 -51.62 -55.70 340.14 280.92 33.85 -0.40
-9999.00 11627.95
211.10 -54.46 -54.57 -58.21 341.22 279.77 35.50 -0.20
-9999.00 12013.16
199.20 -57.16 -57.23 -59.89 342.59 279.96 37.10 0.10
-9999.00 12382.32
187.20 -59.56 -59.64 -63.48 344.76 283.34 38.76 0.30
-9999.00 12772.99
175.30 -61.16 -61.24 -66.10 348.61 286.83 39.60 0.50
-9999.00 13182.10
163.40 -61.86 -61.96 -69.52 354.45 286.81 36.96 0.40
-9999.00 13617.62
151.40 -62.26 -62.37 -70.05 361.57 282.69 30.09 0.10
-9999.00 14088.95
139.50 -63.16 -63.29 -75.31 368.49 269.02 22.75 -0.20
-9999.00 14593.23
127.60 -64.76 -64.87 -75.89 375.10 256.11 18.62 -0.30
-9999.00 15139.24
115.70 -66.36 -66.46 -76.53 382.77 253.40 21.09 -0.10
-9999.00 15734.16
103.70 -65.96 -66.08 -77.23 395.69 255.32 25.32 0.10
-9999.00 16397.63
91.80 -63.46 -63.68 -102.91 414.58 252.20 22.25 0.10
-9999.00 17141.36
80.70 -63.16 -63.42 -103.50 430.72 236.58 11.64 0.00
-9999.00 17932.98
71.80 -63.66 -63.93 -104.03 444.27 246.57 12.71 0.00
-9999.00 18650.43
64.60 -60.86 -61.28 -104.51 463.99 259.51 10.67 0.00
-9999.00 19302.76
57.90 -60.86 -61.32 -105.00 478.72 228.01 2.62 0.00
-9999.00 19983.21
51.60 -59.36 -59.97 -105.51 498.22 185.71 1.95 -0.10
-9999.00 20701.60
45.70 -59.56 -60.23 -106.05 515.30 86.42 3.12 0.00
-9999.00 21461.14
40.30 -57.16 -58.14 -106.59 540.13 88.09 5.83 0.00
-9999.00 22251.78
35.20 -55.16 -56.52 -107.18 566.60 84.69 8.39 0.00
-9999.00 23111.22
30.50 -53.06 -54.94 -84.74 596.03 87.83 15.37 0.00
-9999.00 24030.17
26.10 -50.56 -53.25 -85.65 630.21 87.61 18.68 0.00
-9999.00 25039.59
22.00 -46.96 -51.08 -86.63 672.41 88.99 21.97 0.00
-9999.00 26162.10

STID = KSLC STNM = 725720 TIME = 150619/0300
SLAT = 40.78 SLON = -111.97 SELV = 1273.00
STIM = 4

SHOW = 3.91 LIFT = 3.56 SWET = 32.50 KINX = 12.61
LCLP = 799.75 PWAT = 13.37 TOTL = 42.41 CAPE = 0.00
LCLT = 292.39 CINS = 0.00 EQLV = -9999.00 LFCT = -9999.00
BRCH = 0.00

PRES TMPC TMWC DWPC THTE DRCT SKNT OMEG
CFRL HGHT
865.90 25.94 21.98 20.51 366.93 265.60 5.07 -0.10
-9999.00 1282.19
863.30 29.14 18.62 13.58 351.29 266.31 6.04 -0.20
-9999.00 1308.89
858.70 31.24 15.72 5.71 339.71 0.00 3.30 -0.10
-9999.00 1356.59
850.50 31.84 13.77 -0.98 333.41 39.17 6.77 0.10
-9999.00 1442.45
838.70 30.84 13.21 -1.39 333.43 50.19 6.07 0.10
-9999.00 1567.29
823.40 29.44 12.46 -1.91 333.38 65.38 5.13 0.00
-9999.00 1731.15
805.10 27.64 11.52 -2.42 333.34 47.29 3.44 -0.10
-9999.00 1930.12
785.20 26.04 10.47 -3.58 333.18 220.60 3.58 -0.20
-9999.00 2150.42
763.60 24.14 9.27 -4.76 333.00 209.05 8.01 -0.30
-9999.00 2394.48
739.40 21.74 7.82 -6.03 332.66 209.90 8.97 -0.40
-9999.00 2674.19
712.60 18.74 6.28 -6.47 332.79 221.63 7.02 -0.40
-9999.00 2991.89
683.40 15.34 4.49 -7.02 332.86 235.22 8.52 -0.50
-9999.00 3348.02
651.60 11.74 2.26 -8.60 332.43 237.72 13.10 -0.60
-9999.00 3748.67
617.20 7.64 -0.35 -10.41 331.91 237.23 16.88 -0.60
-9999.00 4198.53
580.40 3.14 -3.42 -12.74 331.29 238.54 19.37 -0.30
-9999.00 4700.58
541.00 -1.26 -7.14 -17.60 330.31 244.42 20.26 0.10
-9999.00 5265.33
499.50 -5.86 -11.39 -25.12 329.54 258.80 19.02 0.20
-9999.00 5895.71
459.30 -11.06 -15.59 -30.20 329.84 269.37 17.69 0.10
-9999.00 6546.14
423.10 -15.86 -19.42 -33.45 330.97 268.73 17.50 -0.20
-9999.00 7170.44
390.80 -20.46 -23.20 -36.33 332.14 267.66 19.07 -0.40
-9999.00 7763.37
361.70 -24.86 -26.89 -38.54 333.42 272.75 20.24 -0.50
-9999.00 8330.90
335.30 -29.26 -30.69 -40.63 334.48 276.68 21.72 -0.50
-9999.00 8876.99
311.60 -33.36 -34.37 -42.88 335.62 282.63 24.90 -0.60
-9999.00 9396.03
290.30 -37.46 -38.14 -45.35 336.43 287.19 28.28 -0.60
-9999.00 9888.86
271.10 -41.26 -41.74 -48.17 337.33 289.73 29.94 -0.60
-9999.00 10357.21
253.90 -44.76 -45.08 -50.34 338.39 289.58 30.74 -0.60
-9999.00 10798.84
238.40 -47.96 -48.16 -52.11 339.63 287.31 31.35 -0.40
-9999.00 11217.05
224.00 -51.16 -51.31 -54.83 340.68 284.80 31.97 -0.30
-9999.00 11624.86
210.90 -54.06 -54.19 -58.22 341.94 283.63 33.00 -0.10
-9999.00 12013.92
199.00 -56.76 -56.87 -61.32 343.28 284.28 33.90 0.10
-9999.00 12384.12
187.10 -59.26 -59.34 -63.49 345.30 286.21 34.82 0.30
-9999.00 12772.46
175.20 -61.26 -61.34 -66.11 348.50 286.64 35.30 0.40
-9999.00 13182.00
163.30 -62.26 -62.36 -69.52 353.84 285.00 33.81 0.40
-9999.00 13617.26
151.30 -62.66 -62.76 -70.06 360.95 278.83 29.11 0.20
-9999.00 14088.00
139.40 -63.16 -63.29 -75.31 368.56 264.11 24.62 -0.20
-9999.00 14592.15
127.50 -64.06 -64.18 -75.90 376.45 254.53 22.59 -0.40
-9999.00 15139.48
115.60 -65.36 -65.47 -76.53 384.72 252.37 21.82 -0.30
-9999.00 15737.32
103.70 -66.16 -66.27 -77.23 395.30 254.18 24.24 0.00
-9999.00 16396.83
91.70 -63.96 -64.17 -102.92 413.72 259.49 24.51 0.10
-9999.00 17145.95
80.70 -62.06 -62.35 -103.50 432.98 245.88 14.27 0.00
-9999.00 17932.00
71.80 -64.26 -64.51 -104.03 443.00 240.07 7.40 -0.10
-9999.00 18650.30
64.60 -62.16 -62.52 -104.51 461.15 270.00 11.08 0.00
-9999.00 19299.70
57.80 -61.06 -61.51 -105.01 478.51 180.00 3.89 0.00
-9999.00 19988.44
51.50 -61.16 -61.66 -105.52 494.30 208.07 3.30 0.00
-9999.00 20704.78
45.70 -59.66 -60.32 -106.05 515.06 123.69 2.80 0.00
-9999.00 21448.86
40.30 -57.56 -58.50 -106.59 539.13 87.95 5.45 0.00
-9999.00 22238.57
35.20 -56.26 -57.47 -107.18 563.74 83.66 10.56 0.00
-9999.00 23095.05
30.50 -54.16 -55.84 -84.74 593.05 85.60 15.21 0.00
-9999.00 24009.38
26.10 -52.26 -54.56 -85.65 625.39 85.08 18.14 0.00
-9999.00 25012.41
22.00 -48.06 -51.83 -86.63 669.14 90.00 18.66 0.00
-9999.00 26127.93

STID = KSLC STNM = 725720 TIME = 150619/0400
SLAT = 40.78 SLON = -111.97 SELV = 1273.00
STIM = 5

SHOW = 2.38 LIFT = 2.79 SWET = 51.43 KINX = 14.24
LCLP = 752.07 PWAT = 13.68 TOTL = 45.61 CAPE = 36.95
LCLT = 287.55 CINS = -437.89 EQLV = 280.22 LFCT = 434.78
BRCH = 0.98

PRES TMPC TMWC DWPC THTE DRCT SKNT OMEG
CFRL HGHT
866.30 26.24 19.51 16.60 354.96 251.57 1.84 0.00
-9999.00 1283.21
863.80 27.94 19.47 15.73 355.11 281.31 1.98 -0.20
-9999.00 1308.81
859.10 29.44 18.19 12.62 350.13 35.54 1.67 -0.30
-9999.00 1357.37
851.00 31.24 14.37 1.85 335.71 68.20 5.23 -0.20
-9999.00 1441.93
839.10 30.94 13.06 -2.17 332.76 63.43 5.65 -0.20
-9999.00 1567.69
823.80 29.54 12.38 -2.38 333.00 92.73 4.09 -0.30
-9999.00 1731.50
805.50 27.94 11.55 -2.75 333.31 120.96 3.40 -0.20
-9999.00 1930.49
785.60 26.14 10.50 -3.61 333.21 174.56 4.10 -0.10
-9999.00 2150.82
763.90 24.24 9.26 -4.98 332.89 203.43 6.36 0.10
-9999.00 2395.98
739.70 21.74 7.85 -5.91 332.71 216.61 8.48 0.10
-9999.00 2675.62
713.00 18.94 6.24 -6.99 332.54 226.55 10.17 0.10
-9999.00 2992.08
683.70 15.74 4.43 -7.94 332.54 232.05 12.33 0.00
-9999.00 3349.58
651.90 12.04 2.26 -9.15 332.32 233.71 15.43 0.10
-9999.00 3750.50
617.50 7.94 -0.31 -10.82 331.93 239.04 19.27 0.10
-9999.00 4200.59
580.60 3.54 -3.33 -13.19 331.45 249.89 23.18 0.10
-9999.00 4704.40
541.20 -1.26 -6.86 -16.33 330.94 257.91 22.26 0.10
-9999.00 5269.38
499.70 -6.46 -11.17 -21.41 330.10 259.96 22.31 0.20
-9999.00 5898.93
459.50 -11.36 -15.57 -28.33 329.88 259.84 20.93 0.10
-9999.00 6548.08
423.30 -15.96 -19.56 -34.24 330.65 261.03 18.69 -0.10
-9999.00 7171.64
390.90 -20.26 -23.12 -37.27 332.23 265.38 19.31 -0.40
-9999.00 7766.29
361.80 -24.56 -26.67 -38.79 333.76 273.37 19.86 -0.60
-9999.00 8334.23
335.50 -28.96 -30.43 -40.34 334.88 275.61 21.88 -0.70
-9999.00 8878.67
311.80 -33.26 -34.26 -42.54 335.74 282.72 24.71 -0.70
-9999.00 9397.83
290.50 -37.26 -37.99 -45.75 336.61 287.40 27.30 -0.80
-9999.00 9890.64
271.30 -40.96 -41.52 -49.20 337.62 288.31 29.07 -0.70
-9999.00 10359.15
254.00 -44.36 -44.78 -52.25 338.83 286.35 30.39 -0.60
-9999.00 10803.76
238.50 -47.56 -47.88 -55.19 340.02 284.12 31.07 -0.50
-9999.00 11222.53
224.10 -50.66 -50.90 -57.74 341.28 282.30 31.04 -0.40
-9999.00 11630.98
211.00 -53.66 -53.83 -59.44 342.47 281.52 31.15 -0.30
-9999.00 12020.65
199.10 -56.36 -56.48 -61.31 343.87 281.92 31.99 -0.10
-9999.00 12391.35
187.20 -58.96 -59.05 -63.48 345.73 283.14 33.33 0.00
-9999.00 12780.12
175.30 -61.06 -61.14 -66.10 348.77 283.24 33.95 0.10
-9999.00 13189.91
163.30 -62.46 -62.55 -69.52 353.51 280.77 32.25 0.20
-9999.00 13628.71
151.40 -63.46 -63.55 -70.05 359.51 275.51 28.32 0.10
-9999.00 14094.26
139.50 -64.46 -64.57 -75.31 366.20 268.75 26.64 0.00
-9999.00 14595.54
127.60 -64.96 -65.07 -75.89 374.74 262.33 27.66 -0.10
-9999.00 15139.59
115.60 -65.26 -65.38 -76.53 384.90 260.74 27.77 -0.20
-9999.00 15741.06
103.70 -65.66 -65.81 -102.35 396.20 254.38 23.82 -0.20
-9999.00 16401.52
91.80 -65.36 -65.53 -102.91 410.82 255.70 20.46 0.00
-9999.00 17142.39
80.70 -63.16 -63.42 -103.50 430.72 246.99 15.42 0.00
-9999.00 17930.43
71.80 -64.26 -64.51 -104.03 443.00 202.62 7.58 0.00
-9999.00 18646.85
64.60 -63.16 -63.48 -104.51 458.97 267.34 8.37 0.00
-9999.00 19294.70
57.90 -60.46 -60.94 -105.00 479.62 165.96 5.61 0.00
-9999.00 19972.11
51.50 -60.66 -61.19 -105.52 495.46 26.57 0.43 0.00
-9999.00 20701.05
45.70 -58.06 -58.85 -106.05 518.92 63.43 6.95 0.00
-9999.00 21448.81
40.30 -56.26 -57.34 -106.59 542.38 69.68 11.19 0.00
-9999.00 22243.86
35.20 -55.26 -56.61 -107.18 566.34 79.62 14.03 0.00
-9999.00 23104.89
30.50 -53.56 -55.35 -84.74 594.68 88.39 13.81 0.00
-9999.00 24022.58
26.10 -50.76 -53.40 -85.65 629.64 99.90 12.43 0.00
-9999.00 25030.40
22.00 -47.46 -51.42 -86.63 670.92 100.89 15.44 0.00
-9999.00 26151.17

STID = KSLC STNM = 725720 TIME = 150619/0500
SLAT = 40.78 SLON = -111.97 SELV = 1273.00
STIM = 6

SHOW = 1.69 LIFT = 2.77 SWET = 80.32 KINX = 13.67
LCLP = 725.77 PWAT = 13.00 TOTL = 46.89 CAPE = 0.00
LCLT = 285.06 CINS = 0.00 EQLV = -9999.00 LFCT = -9999.00
BRCH = 0.00

PRES TMPC TMWC DWPC THTE DRCT SKNT OMEG
CFRL HGHT
866.80 26.74 18.50 14.64 350.37 143.97 5.29 0.10
-9999.00 1282.14
864.10 29.04 16.39 9.05 341.80 143.97 5.29 0.10
-9999.00 1309.81
859.50 29.44 16.07 8.08 341.26 147.99 5.50 0.00
-9999.00 1357.29
851.40 30.24 14.56 3.53 336.59 135.83 9.48 0.00
-9999.00 1441.62
839.50 30.24 13.31 -0.27 333.78 141.52 9.68 0.00
-9999.00 1567.01
824.20 29.44 12.37 -2.27 332.94 130.91 7.72 0.10
-9999.00 1730.56
805.90 27.94 11.54 -2.81 333.20 131.50 6.75 0.10
-9999.00 1929.42
785.90 26.44 10.29 -4.96 332.35 166.37 6.60 0.10
-9999.00 2150.84
764.30 24.54 9.05 -6.37 332.04 204.54 9.83 0.00
-9999.00 2394.95
740.10 22.24 7.84 -6.83 332.49 217.63 11.78 -0.10
-9999.00 2674.77
713.30 19.44 6.25 -7.82 332.43 229.30 12.82 -0.10
-9999.00 2992.77
684.10 16.24 4.33 -9.25 332.09 237.63 16.34 -0.10
-9999.00 3349.43
652.20 12.44 2.06 -10.70 331.63 245.27 19.05 -0.30
-9999.00 3751.95
617.90 8.34 -0.47 -12.27 331.36 255.20 21.31 -0.60
-9999.00 4201.03
581.00 3.64 -3.41 -13.76 331.14 257.77 23.87 -0.90
-9999.00 4704.89
541.50 -1.46 -6.86 -15.85 330.91 259.05 24.55 -0.90
-9999.00 5270.85
500.00 -6.76 -11.03 -19.78 330.38 261.08 23.81 -0.60
-9999.00 5899.50
459.70 -11.66 -15.49 -26.26 330.05 262.57 22.54 -0.10
-9999.00 6549.27
423.50 -15.86 -19.47 -34.03 330.77 264.51 20.31 0.30
-9999.00 7172.34
391.10 -20.16 -23.08 -37.77 332.24 267.78 20.04 0.40
-9999.00 7766.92
362.00 -24.36 -26.52 -38.79 333.97 270.55 20.41 0.30
-9999.00 8334.90
335.70 -28.96 -30.36 -39.52 334.93 274.59 21.84 0.10
-9999.00 8879.25
312.00 -33.26 -34.17 -41.32 335.83 278.95 24.99 -0.20
-9999.00 9398.10
290.60 -37.06 -37.72 -44.21 337.01 280.92 27.71 -0.40
-9999.00 9893.20
271.40 -40.66 -41.20 -48.16 338.10 281.38 29.54 -0.60
-9999.00 10362.06
254.10 -44.16 -44.60 -52.25 339.09 280.18 30.81 -0.70
-9999.00 10806.98
238.60 -47.46 -47.81 -56.15 340.09 278.48 31.64 -0.70
-9999.00 11225.86
224.20 -50.56 -50.83 -58.96 341.35 276.30 31.88 -0.60
-9999.00 11634.31
211.10 -53.46 -53.66 -60.86 342.70 274.94 31.61 -0.50
-9999.00 12024.06
199.20 -56.06 -56.21 -63.01 344.25 274.59 31.59 -0.40
-9999.00 12395.00
187.30 -58.66 -58.78 -65.62 346.12 275.92 32.05 -0.20
-9999.00 12784.11
175.30 -60.86 -60.95 -66.10 349.10 277.13 32.91 0.00
-9999.00 13197.72
163.40 -62.56 -62.65 -69.52 353.28 276.38 33.25 0.10
-9999.00 13632.83
151.50 -63.46 -63.55 -70.05 359.44 273.14 31.93 0.10
-9999.00 14097.97
139.50 -64.16 -64.27 -75.31 366.73 268.10 29.37 0.00
-9999.00 14603.66
127.60 -64.96 -65.07 -75.89 374.74 260.28 28.79 -0.10
-9999.00 15148.10
115.70 -65.46 -65.57 -76.53 384.44 252.93 25.82 -0.10
-9999.00 15744.02
103.70 -64.96 -65.12 -102.35 397.54 244.77 22.35 -0.10
-9999.00 16410.54
91.80 -64.46 -64.65 -102.91 412.60 240.42 16.54 0.00
-9999.00 17154.27
80.70 -63.46 -63.71 -103.50 430.11 231.60 13.14 0.00
-9999.00 17943.43
71.80 -64.56 -64.80 -104.03 442.36 232.82 7.08 0.00
-9999.00 18658.83
64.60 -63.26 -63.57 -104.51 458.75 265.91 5.46 0.00
-9999.00 19306.06
57.90 -61.26 -61.70 -105.00 477.82 135.00 4.95 0.00
-9999.00 19982.02
51.60 -61.36 -61.84 -105.51 493.56 3.01 3.70 0.00
-9999.00 20696.37
45.70 -58.46 -59.22 -106.05 517.96 51.77 8.17 0.00
-9999.00 21454.31
40.30 -57.16 -58.14 -106.59 540.13 54.90 8.79 0.00
-9999.00 22246.97
35.20 -54.96 -56.35 -107.18 567.12 85.84 10.72 0.00
-9999.00 23106.81
30.50 -51.86 -53.97 -84.74 599.28 94.54 12.28 0.00
-9999.00 24028.70
26.10 -49.36 -52.35 -85.65 633.60 88.47 14.58 0.00
-9999.00 25043.58
22.00 -46.96 -51.08 -86.63 672.41 74.98 16.50 0.00
-9999.00 26169.10

STID = KSLC STNM = 725720 TIME = 150619/0600
SLAT = 40.78 SLON = -111.97 SELV = 1273.00
STIM = 7

SHOW = 4.26 LIFT = 3.83 SWET = 51.13 KINX = 6.35
LCLP = 726.72 PWAT = 11.79 TOTL = 41.53 CAPE = 0.00
LCLT = 283.14 CINS = 0.00 EQLV = -9999.00 LFCT = -9999.00
BRCH = 0.00

PRES TMPC TMWC DWPC THTE DRCT SKNT OMEG
CFRL HGHT
866.10 24.54 16.72 12.64 343.26 144.87 6.42 0.10
-9999.00 1283.10
863.60 28.44 13.89 3.18 332.50 139.29 11.03 0.20
-9999.00 1308.58
858.90 30.64 13.01 -2.53 329.60 136.19 13.20 0.20
-9999.00 1357.07
850.90 30.14 12.78 -2.47 330.10 150.36 12.97 0.20
-9999.00 1440.40
839.00 30.04 12.10 -4.86 329.51 149.62 13.07 0.10
-9999.00 1565.68
823.70 29.54 11.73 -5.14 330.67 145.81 12.45 0.00
-9999.00 1729.20
805.50 28.44 11.23 -4.87 332.04 159.65 12.85 0.10
-9999.00 1927.20
785.50 26.84 10.09 -6.49 331.65 177.44 13.04 0.20
-9999.00 2149.01
763.90 24.94 9.00 -7.29 331.86 189.19 13.39 0.40
-9999.00 2393.53
739.70 22.54 7.61 -8.39 331.74 204.44 14.09 0.50
-9999.00 2673.78
713.00 19.74 5.98 -9.57 331.57 217.94 14.54 0.40
-9999.00 2990.99
683.70 16.44 4.19 -10.25 331.69 232.25 15.24 0.40
-9999.00 3349.30
651.90 12.64 2.13 -10.80 331.84 242.67 19.47 0.50
-9999.00 3751.02
617.60 8.34 -0.33 -11.67 331.80 247.62 21.44 0.50
-9999.00 4200.48
580.70 3.44 -3.40 -13.29 331.24 252.86 21.77 0.30
-9999.00 4704.45
541.30 -1.66 -7.07 -16.27 330.46 256.18 24.42 -0.20
-9999.00 5268.82
499.70 -7.06 -11.17 -19.57 330.16 256.61 25.18 -0.50
-9999.00 5898.69
459.50 -11.96 -15.42 -24.59 330.27 259.44 23.33 -0.50
-9999.00 6546.49
423.30 -16.26 -19.52 -31.69 330.77 265.52 19.89 -0.20
-9999.00 7169.05
390.90 -20.06 -22.97 -37.27 332.49 268.84 19.25 0.10
-9999.00 7763.61
361.80 -24.36 -26.40 -37.32 334.25 270.00 20.41 0.20
-9999.00 8332.01
335.50 -28.96 -30.22 -37.84 335.25 272.86 23.35 0.30
-9999.00 8876.70
311.80 -33.26 -34.04 -39.72 336.12 275.46 26.56 0.20
-9999.00 9395.89
290.50 -37.16 -37.74 -43.20 337.02 276.09 29.32 0.10
-9999.00 9888.83
271.30 -40.76 -41.26 -47.68 338.03 275.36 31.24 0.00
-9999.00 10357.66
254.00 -44.26 -44.69 -52.25 338.98 272.73 32.69 -0.20
-9999.00 10802.56
238.50 -47.36 -47.72 -56.15 340.28 270.33 33.43 -0.30
-9999.00 11221.61
224.10 -50.46 -50.76 -60.40 341.50 268.68 33.83 -0.40
-9999.00 11630.42
211.00 -53.26 -53.49 -62.58 343.01 268.03 33.84 -0.40
-9999.00 12020.61
199.10 -55.76 -55.92 -63.02 344.78 268.68 33.83 -0.40
-9999.00 12392.16
187.20 -58.26 -58.39 -65.62 346.82 269.02 34.02 -0.40
-9999.00 12782.10
175.30 -60.56 -60.65 -66.10 349.60 269.02 34.02 -0.30
-9999.00 13193.04
163.30 -62.66 -62.75 -69.52 353.17 267.99 33.26 -0.20
-9999.00 13632.15
151.40 -64.06 -64.14 -70.05 358.48 265.06 31.61 0.00
-9999.00 14096.81
139.50 -65.06 -65.13 -70.62 365.20 263.33 30.14 0.10
-9999.00 14596.66
127.60 -65.46 -65.56 -75.89 373.84 260.24 30.97 0.10
-9999.00 15139.28
115.60 -64.86 -64.98 -76.53 385.64 257.93 28.82 0.00
-9999.00 15740.60
103.70 -64.76 -64.93 -102.35 397.92 252.15 24.10 -0.10
-9999.00 16403.13
91.80 -65.26 -65.44 -102.91 411.02 251.80 14.94 -0.10
-9999.00 17145.79
80.70 -65.16 -65.36 -103.50 426.62 254.81 14.10 0.00
-9999.00 17930.24
71.80 -64.26 -64.51 -104.03 443.00 245.14 8.78 0.00
-9999.00 18643.24
64.60 -63.76 -64.05 -104.51 457.65 294.62 5.13 0.00
-9999.00 19290.16
57.90 -61.66 -62.08 -105.00 476.92 146.31 0.70 0.00
-9999.00 19964.68
51.60 -60.76 -61.28 -105.51 494.95 16.70 2.03 0.00
-9999.00 20679.36
45.70 -57.66 -58.49 -106.05 519.89 68.50 6.89 0.00
-9999.00 21439.79
40.30 -56.16 -57.25 -106.59 542.63 86.63 9.93 0.00
-9999.00 22235.76
35.20 -54.86 -56.27 -107.18 567.38 104.04 12.82 0.00
-9999.00 23097.78
30.50 -52.26 -54.29 -84.74 598.20 99.95 11.25 0.00
-9999.00 24019.04
26.10 -49.16 -52.20 -85.65 634.17 104.74 15.28 0.00
-9999.00 25033.47
22.00 -46.46 -50.74 -86.63 673.89 95.86 22.86 0.00
-9999.00 26160.74

STID = KSLC STNM = 725720 TIME = 150619/0700
SLAT = 40.78 SLON = -111.97 SELV = 1273.00
STIM = 8

SHOW = 4.28 LIFT = 4.36 SWET = 207.96 KINX = 3.32
LCLP = 706.88 PWAT = 10.65 TOTL = 41.61 CAPE = 0.00
LCLT = 279.81 CINS = 0.00 EQLV = -9999.00 LFCT = -9999.00
BRCH = 0.00

PRES TMPC TMWC DWPC THTE DRCT SKNT OMEG
CFRL HGHT
865.80 23.34 14.78 9.65 336.02 137.39 6.60 0.10
-9999.00 1283.04
863.20 27.94 13.07 1.18 329.69 128.52 12.17 0.30
-9999.00 1309.46
858.60 28.74 12.74 -0.85 329.09 151.46 12.61 0.20
-9999.00 1356.74
850.50 29.14 12.51 -2.05 329.42 173.13 16.25 -0.20
-9999.00 1440.77
838.60 29.44 11.94 -4.54 329.15 164.69 16.93 -0.40
-9999.00 1565.78
823.40 29.24 11.13 -7.54 328.67 163.30 20.29 -0.40
-9999.00 1728.04
805.10 27.84 10.55 -6.93 329.87 164.05 21.23 -0.20
-9999.00 1926.86
785.20 26.34 9.58 -8.05 330.03 172.03 19.63 0.00
-9999.00 2147.19
763.60 24.74 8.10 -11.70 328.89 191.77 19.06 0.20
-9999.00 2391.43
739.40 22.54 6.70 -13.44 328.78 199.50 19.80 0.50
-9999.00 2671.55
712.80 19.74 5.33 -13.05 329.52 201.04 18.95 0.90
-9999.00 2987.54
683.50 16.34 3.73 -12.31 330.32 205.94 16.00 1.20
-9999.00 3345.77
651.70 12.44 1.83 -11.71 331.05 227.89 13.62 1.30
-9999.00 3747.33
617.40 8.24 -0.45 -11.97 331.51 245.56 16.44 1.30
-9999.00 4196.67
580.50 3.54 -3.37 -13.35 331.36 258.80 20.01 1.20
-9999.00 4700.79
541.10 -1.96 -7.19 -16.03 330.26 263.71 23.08 0.90
-9999.00 5265.16
499.60 -7.36 -11.30 -19.36 329.91 265.20 25.55 0.60
-9999.00 5893.01
459.40 -11.26 -15.32 -26.96 330.41 264.43 24.02 0.30
-9999.00 6541.40
423.20 -15.16 -18.93 -33.45 331.85 265.52 19.89 -0.10
-9999.00 7166.20
390.80 -19.66 -22.60 -36.33 333.19 261.47 19.66 -0.30
-9999.00 7762.65
361.70 -24.36 -26.28 -36.02 334.50 262.76 23.12 -0.40
-9999.00 8331.67
335.40 -28.96 -30.11 -36.78 335.47 266.24 26.69 -0.30
-9999.00 8876.53
311.70 -33.36 -34.08 -39.24 336.09 269.62 29.16 -0.20
-9999.00 9395.79
290.40 -37.36 -37.87 -42.58 336.84 270.36 30.52 -0.10
-9999.00 9888.59
271.20 -41.06 -41.49 -46.79 337.71 268.94 31.49 0.10
-9999.00 10357.09
253.90 -44.36 -44.78 -52.26 338.87 266.63 33.10 0.10
-9999.00 10801.78
238.40 -47.26 -47.65 -57.24 340.43 265.45 34.32 0.10
-9999.00 11220.99
224.00 -50.16 -50.48 -60.40 342.01 265.85 34.89 0.10
-9999.00 11630.34
211.00 -52.96 -53.20 -62.58 343.48 267.47 35.22 0.00
-9999.00 12018.17
199.10 -55.46 -55.66 -65.17 345.21 268.72 34.80 0.00
-9999.00 12390.22
187.10 -58.06 -58.20 -65.63 347.19 269.35 34.21 0.00
-9999.00 12784.00
175.20 -60.46 -60.58 -69.03 349.77 268.34 33.64 0.00
-9999.00 13195.46
163.30 -62.26 -62.36 -69.52 353.84 265.99 33.32 0.00
-9999.00 13631.54
151.40 -63.56 -63.64 -70.05 359.34 262.58 33.13 0.00
-9999.00 14097.21
139.50 -64.46 -64.57 -75.31 366.20 261.67 32.22 0.00
-9999.00 14598.37
127.50 -64.96 -65.07 -75.90 374.83 260.77 31.51 0.00
-9999.00 15147.20
115.60 -65.06 -65.18 -76.53 385.27 257.26 29.10 -0.10
-9999.00 15744.19
103.70 -65.76 -65.91 -102.35 396.01 256.45 22.39 -0.10
-9999.00 16404.81
91.80 -65.76 -65.92 -102.91 410.03 263.03 17.62 0.00
-9999.00 17144.79
80.70 -65.36 -65.55 -103.50 426.21 239.04 9.07 0.00
-9999.00 17927.92
71.80 -64.16 -64.41 -104.03 443.21 239.83 9.67 -0.10
-9999.00 18640.75
64.60 -64.56 -64.82 -104.51 455.91 299.74 3.13 0.00
-9999.00 19286.59
57.90 -61.16 -61.60 -105.00 478.04 171.25 2.56 0.00
-9999.00 19960.63
51.60 -60.06 -60.62 -105.51 496.59 45.00 3.57 0.00
-9999.00 20677.33
45.70 -57.96 -58.76 -106.05 519.16 110.56 9.96 0.00
-9999.00 21438.47
40.30 -57.16 -58.14 -106.59 540.13 108.12 11.25 0.00
-9999.00 22232.05
35.20 -54.46 -55.93 -107.18 568.42 102.91 9.57 0.00
-9999.00 23092.88
30.50 -52.96 -54.86 -84.74 596.30 99.02 12.40 0.00
-9999.00 24013.51
26.10 -51.86 -54.25 -85.65 626.53 92.73 16.35 0.00
-9999.00 25020.19
22.00 -48.26 -51.97 -86.63 668.54 90.00 14.77 0.00
-9999.00 26136.20

STID = KSLC STNM = 725720 TIME = 150619/0800
SLAT = 40.78 SLON = -111.97 SELV = 1273.00
STIM = 9

SHOW = 5.58 LIFT = 4.61 SWET = 207.17 KINX = -0.05
LCLP = 680.23 PWAT = 10.42 TOTL = 38.18 CAPE = 0.00
LCLT = 277.24 CINS = 0.00 EQLV = -9999.00 LFCT = -9999.00
BRCH = 0.00

PRES TMPC TMWC DWPC THTE DRCT SKNT OMEG
CFRL HGHT
865.60 23.84 13.99 7.58 333.15 141.58 7.19 0.10
-9999.00 1283.05
863.00 29.14 12.17 -3.83 326.37 143.88 8.90 0.20
-9999.00 1309.52
858.40 29.04 12.01 -4.23 326.51 160.35 11.56 0.30
-9999.00 1356.90
850.30 29.34 11.71 -5.90 326.59 165.82 18.24 0.40
-9999.00 1440.97
838.40 29.54 11.26 -8.11 326.78 162.43 24.47 0.50
-9999.00 1566.01
823.20 28.24 11.25 -5.07 329.36 165.87 27.86 0.50
-9999.00 1728.05
804.90 26.94 10.76 -4.41 330.82 180.48 23.33 0.50
-9999.00 1926.36
785.00 26.54 9.41 -9.37 329.43 200.77 18.09 0.40
-9999.00 2146.51
763.40 25.14 8.21 -12.01 329.19 213.69 15.42 0.40
-9999.00 2391.04
739.20 22.64 6.97 -11.99 329.68 222.05 13.35 0.70
-9999.00 2671.48
712.60 19.74 5.46 -12.26 329.98 229.71 11.72 1.40
-9999.00 2987.65
683.30 16.54 3.74 -12.72 330.34 236.79 12.78 2.10
-9999.00 3346.11
651.60 12.74 1.70 -13.02 330.62 238.15 15.10 2.30
-9999.00 3746.81
617.20 8.34 -0.73 -13.40 330.77 240.68 16.27 1.90
-9999.00 4197.82
580.40 3.44 -3.52 -13.77 331.00 250.56 17.52 1.20
-9999.00 4700.64
541.00 -2.06 -6.95 -14.85 330.85 259.07 17.42 0.70
-9999.00 5264.93
499.50 -7.46 -11.30 -19.08 329.94 256.23 20.41 0.30
-9999.00 5892.72
459.30 -11.16 -15.33 -27.44 330.42 261.08 23.81 -0.20
-9999.00 6541.24
423.10 -15.06 -18.86 -33.45 332.00 265.11 22.83 -0.60
-9999.00 7166.42
390.70 -19.46 -22.36 -35.25 333.66 259.41 21.16 -0.60
-9999.00 7763.36
361.70 -24.36 -26.22 -35.43 334.61 260.46 23.46 -0.20
-9999.00 8330.75
335.30 -29.06 -30.19 -36.78 335.36 263.61 26.21 0.20
-9999.00 8877.66
311.60 -33.36 -34.08 -39.25 336.12 264.77 27.72 0.40
-9999.00 9396.96
290.30 -37.36 -37.90 -42.89 336.84 264.70 29.48 0.40
-9999.00 9889.93
271.10 -41.06 -41.51 -47.23 337.70 264.43 32.03 0.40
-9999.00 10358.59
253.90 -44.46 -44.88 -52.26 338.72 264.23 34.78 0.30
-9999.00 10800.69
238.40 -47.46 -47.84 -57.24 340.13 264.94 37.47 0.20
-9999.00 11219.63
224.00 -50.36 -50.67 -60.40 341.70 266.53 38.56 0.10
-9999.00 11628.62
210.90 -53.06 -53.30 -62.58 343.37 269.12 37.91 0.00
-9999.00 12019.26
199.00 -55.36 -55.54 -63.02 345.46 270.61 36.74 -0.20
-9999.00 12391.49
187.10 -57.66 -57.81 -65.63 347.84 269.07 35.97 -0.20
-9999.00 12782.54
175.20 -59.86 -59.99 -69.03 350.76 264.92 35.13 -0.20
-9999.00 13194.96
163.30 -61.66 -61.77 -69.52 354.85 260.05 33.75 -0.20
-9999.00 13632.28
151.30 -63.26 -63.38 -74.77 359.87 255.63 32.11 -0.20
-9999.00 14103.01
139.40 -64.76 -64.86 -75.31 365.75 255.36 31.54 -0.10
-9999.00 14604.52
127.50 -65.86 -65.95 -75.90 373.21 258.82 33.09 0.10
-9999.00 15147.41
115.60 -65.86 -65.97 -76.53 383.79 261.20 33.04 0.00
-9999.00 15741.96
103.70 -65.56 -65.71 -102.35 396.39 262.06 25.32 -0.10
-9999.00 16401.62
91.70 -66.16 -66.32 -102.92 409.37 268.60 15.94 -0.10
-9999.00 17147.86
80.70 -66.16 -66.34 -103.50 424.57 287.57 12.23 -0.10
-9999.00 17922.12
71.80 -64.36 -64.61 -104.03 442.79 246.04 7.66 0.00
-9999.00 18633.24
64.60 -63.66 -63.96 -104.51 457.87 279.87 4.54 0.00
-9999.00 19280.17
57.80 -60.66 -61.13 -105.01 479.41 139.40 1.79 0.00
-9999.00 19967.12
51.50 -59.06 -59.69 -105.52 499.19 103.39 8.39 0.00
-9999.00 20687.68
45.70 -57.16 -58.04 -106.05 521.09 105.26 11.08 0.00
-9999.00 21439.81
40.30 -56.56 -57.61 -106.59 541.63 101.31 11.89 0.00
-9999.00 22235.96
35.20 -56.16 -57.39 -107.18 564.00 98.97 14.96 0.00
-9999.00 23094.61
30.50 -54.96 -56.51 -84.74 590.88 110.35 12.85 0.00
-9999.00 24007.48
26.10 -52.26 -54.56 -85.65 625.39 87.46 8.76 0.00
-9999.00 25008.69
22.00 -48.16 -51.90 -86.63 668.84 53.27 16.25 0.00
-9999.00 26123.95

STID = KSLC STNM = 725720 TIME = 150619/0900
SLAT = 40.78 SLON = -111.97 SELV = 1273.00
STIM = 10

SHOW = 7.54 LIFT = 6.31 SWET = 206.53 KINX = -3.35
LCLP = 659.62 PWAT = 9.97 TOTL = 34.03 CAPE = 0.00
LCLT = 274.78 CINS = 0.00 EQLV = -9999.00 LFCT = -9999.00
BRCH = 0.00

PRES TMPC TMWC DWPC THTE DRCT SKNT OMEG
CFRL HGHT
865.90 23.84 13.11 5.51 330.05 173.66 3.52 0.00
-9999.00 1283.02
863.40 28.14 12.02 -2.90 325.99 169.51 5.34 -0.10
-9999.00 1308.42
858.70 28.84 11.59 -5.86 325.06 181.27 8.75 -0.40
-9999.00 1356.71
850.70 28.54 11.21 -6.87 325.00 177.11 19.27 -0.80
-9999.00 1439.55
838.80 28.54 10.81 -8.47 325.42 173.29 26.62 -1.30
-9999.00 1564.15
823.50 27.34 10.82 -5.44 328.05 175.00 31.22 -1.70
-9999.00 1726.67
805.30 26.54 10.26 -5.95 329.12 196.30 21.47 -2.10
-9999.00 1923.35
785.40 25.64 9.22 -8.49 328.93 229.18 16.95 -2.40
-9999.00 2142.91
763.70 23.94 8.07 -9.98 328.97 244.04 16.43 -2.40
-9999.00 2387.63
739.60 21.84 6.77 -11.22 329.16 241.09 14.88 -2.20
-9999.00 2665.89
712.90 19.54 5.33 -12.55 329.55 233.84 12.52 -2.10
-9999.00 2982.55
683.60 16.44 3.55 -13.50 329.75 237.60 11.97 -1.90
-9999.00 3340.66
651.80 12.64 1.46 -14.02 329.91 248.20 11.51 -1.50
-9999.00 3742.30
617.50 8.24 -0.80 -13.51 330.54 267.04 11.29 -1.00
-9999.00 4191.63
580.60 3.24 -3.63 -13.82 330.69 268.94 10.50 -0.40
-9999.00 4695.34
541.20 -1.86 -7.12 -15.97 330.40 254.74 13.30 0.00
-9999.00 5259.39
499.70 -6.26 -11.18 -22.17 330.04 249.56 22.82 -0.10
-9999.00 5888.45
459.50 -11.16 -15.42 -28.20 330.17 258.46 28.17 -0.20
-9999.00 6538.09
423.30 -15.16 -19.00 -34.24 331.68 261.62 25.35 0.10
-9999.00 7162.84
390.90 -19.56 -22.45 -35.45 333.45 259.06 23.56 0.20
-9999.00 7759.26
361.80 -24.06 -26.01 -35.62 334.95 254.67 24.99 0.00
-9999.00 8328.60
335.50 -28.66 -29.95 -37.61 335.70 255.36 26.92 -0.40
-9999.00 8873.96
311.80 -33.06 -33.94 -40.49 336.29 258.31 28.78 -0.90
-9999.00 9393.68
290.50 -37.16 -37.79 -43.87 336.94 260.18 30.77 -1.10
-9999.00 9886.83
271.20 -40.96 -41.44 -47.68 337.77 260.59 33.30 -1.00
-9999.00 10357.98
254.00 -44.46 -44.90 -52.99 338.64 262.30 36.29 -0.90
-9999.00 10800.00
238.50 -47.66 -48.03 -57.24 339.79 265.31 38.03 -0.60
-9999.00 11218.59
224.10 -50.56 -50.86 -60.40 341.35 269.42 38.10 -0.40
-9999.00 11627.03
211.00 -53.16 -53.37 -60.86 343.21 272.70 37.17 -0.30
-9999.00 12017.22
199.10 -55.56 -55.73 -63.02 345.09 274.26 36.64 -0.20
-9999.00 12389.03
187.20 -57.86 -57.98 -63.48 347.51 272.16 36.18 -0.20
-9999.00 12779.51
175.30 -59.66 -59.77 -66.10 351.08 266.52 35.25 -0.20
-9999.00 13191.70
163.30 -61.26 -61.38 -69.52 355.52 259.40 33.82 -0.20
-9999.00 13633.20
151.40 -62.86 -62.98 -74.77 360.49 252.33 32.03 -0.10
-9999.00 14100.74
139.50 -64.96 -65.06 -75.31 365.33 246.43 31.60 -0.10
-9999.00 14602.14
127.60 -66.66 -66.74 -75.89 371.68 250.14 32.03 0.00
-9999.00 15143.32
115.60 -67.16 -67.25 -76.53 381.38 260.92 33.27 0.00
-9999.00 15739.59
103.70 -65.96 -66.10 -102.35 395.63 270.00 27.99 0.00
-9999.00 16396.55
91.80 -65.56 -65.73 -102.91 410.42 269.24 14.58 0.00
-9999.00 17136.53
80.70 -66.26 -66.43 -103.50 424.36 237.77 10.57 0.00
-9999.00 17918.34
71.80 -64.46 -64.70 -104.03 442.57 234.34 11.00 0.00
-9999.00 18629.12
64.60 -62.66 -62.99 -104.51 460.06 287.10 5.29 0.00
-9999.00 19277.44
57.90 -60.36 -60.85 -105.00 479.85 315.00 1.10 0.00
-9999.00 19955.80
51.60 -59.36 -59.97 -105.51 498.22 104.04 4.81 0.00
-9999.00 20675.04
45.70 -56.96 -57.85 -106.05 521.57 115.35 8.17 0.00
-9999.00 21439.20
40.30 -56.56 -57.61 -106.59 541.63 107.74 10.20 0.00
-9999.00 22235.72
35.20 -55.76 -57.04 -107.18 565.04 111.52 14.84 0.00
-9999.00 23095.16
30.50 -54.36 -56.01 -84.74 592.51 97.72 11.57 0.00
-9999.00 24010.13
26.10 -52.36 -54.64 -85.65 625.11 71.81 14.32 0.00
-9999.00 25012.48
22.00 -48.66 -52.25 -86.63 667.35 69.23 18.09 0.00
-9999.00 26126.24

STID = KSLC STNM = 725720 TIME = 150619/1000
SLAT = 40.78 SLON = -111.97 SELV = 1273.00
STIM = 11

SHOW = 7.34 LIFT = 6.08 SWET = 206.41 KINX = -0.12
LCLP = 618.26 PWAT = 10.65 TOTL = 34.53 CAPE = 0.00
LCLT = 270.41 CINS = 0.00 EQLV = -9999.00 LFCT = -9999.00
BRCH = 0.00

PRES TMPC TMWC DWPC THTE DRCT SKNT OMEG
CFRL HGHT
866.60 24.64 12.09 1.91 326.40 214.99 4.75 -0.10
-9999.00 1282.02
864.00 27.24 11.77 -2.52 325.26 208.77 11.31 -0.20
-9999.00 1308.40
859.30 27.84 11.49 -4.50 324.89 196.93 18.69 -0.20
-9999.00 1356.51
851.30 28.34 11.15 -6.77 324.78 189.15 23.23 -0.10
-9999.00 1439.14
839.40 28.14 11.08 -6.29 326.33 186.76 26.42 -0.20
-9999.00 1563.54
824.10 27.14 11.00 -4.33 328.62 190.59 27.49 -0.70
-9999.00 1725.82
805.90 25.74 10.14 -5.10 328.80 215.33 18.82 -1.70
-9999.00 1922.06
785.90 23.74 8.99 -5.97 328.53 254.05 14.15 -2.30
-9999.00 2141.62
764.30 21.34 7.83 -6.08 328.67 272.23 14.98 -2.20
-9999.00 2383.30
740.10 19.94 6.58 -8.20 328.88 275.26 14.84 -1.80
-9999.00 2660.51
713.30 18.34 5.27 -10.17 329.55 280.74 11.48 -1.20
-9999.00 2976.59
684.00 15.54 3.37 -12.30 329.33 249.04 9.78 -0.30
-9999.00 3333.27
652.20 12.24 1.51 -12.84 330.05 253.89 9.10 0.80
-9999.00 3733.80
617.90 8.04 -0.75 -12.84 330.64 252.72 9.16 1.30
-9999.00 4182.42
581.00 3.54 -3.82 -15.36 330.09 231.48 12.17 1.00
-9999.00 4685.86
541.50 -1.26 -7.17 -17.73 330.15 237.80 18.61 0.30
-9999.00 5251.82
500.00 -6.46 -11.24 -21.82 329.87 250.41 24.35 -0.20
-9999.00 5880.95
459.80 -11.36 -15.47 -27.55 330.03 253.71 26.33 -0.30
-9999.00 6529.70
423.60 -15.26 -19.10 -34.64 331.41 256.78 26.36 -0.40
-9999.00 7153.68
391.20 -19.56 -22.55 -36.55 333.19 256.47 26.59 -0.50
-9999.00 7749.52
362.00 -24.16 -26.18 -36.65 334.58 255.09 27.96 -0.60
-9999.00 8320.31
335.70 -28.76 -30.05 -37.83 335.47 255.04 29.37 -0.60
-9999.00 8865.13
312.00 -33.16 -34.02 -40.49 336.09 256.05 30.64 -0.60
-9999.00 9384.32
290.60 -37.26 -37.92 -44.57 336.69 257.21 32.49 -0.70
-9999.00 9879.32
271.40 -40.96 -41.51 -49.20 337.58 258.44 34.92 -0.70
-9999.00 10347.67
254.10 -44.56 -45.02 -53.79 338.41 260.89 36.81 -0.80
-9999.00 10791.91
238.60 -47.76 -48.10 -56.15 339.64 264.94 37.47 -0.70
-9999.00 11210.14
224.20 -50.86 -51.12 -58.96 340.89 270.00 36.93 -0.60
-9999.00 11618.05
211.20 -53.56 -53.73 -59.43 342.54 274.02 36.05 -0.40
-9999.00 12004.38
199.20 -56.06 -56.19 -61.31 344.30 276.20 35.98 -0.20
-9999.00 12378.27
187.30 -58.46 -58.56 -63.48 346.48 274.89 36.48 -0.10
-9999.00 12767.56
175.40 -60.66 -60.75 -66.10 349.37 270.30 37.13 0.00
-9999.00 13177.99
163.40 -62.26 -62.36 -69.52 353.78 264.83 36.69 0.00
-9999.00 13617.15
151.50 -63.56 -63.64 -70.05 359.27 259.00 35.64 0.00
-9999.00 14082.51
139.60 -65.16 -65.26 -75.30 364.90 254.60 33.67 -0.10
-9999.00 14582.50
127.60 -66.86 -66.94 -75.89 371.32 258.83 32.10 -0.10
-9999.00 15127.50
115.70 -67.46 -67.54 -76.53 380.73 269.03 34.41 0.00
-9999.00 15717.83
103.80 -66.36 -66.47 -77.23 394.81 275.61 31.84 0.00
-9999.00 16373.08
91.80 -64.96 -65.14 -102.91 411.61 258.98 15.25 0.00
-9999.00 17119.27
80.70 -65.16 -65.36 -103.50 426.62 227.78 14.17 0.00
-9999.00 17904.29
71.90 -61.96 -62.29 -104.03 447.70 255.07 9.05 0.00
-9999.00 18612.69
64.60 -61.06 -61.47 -104.51 463.55 129.81 1.52 0.00
-9999.00 19275.97
57.90 -60.76 -61.23 -105.00 478.95 136.08 7.29 0.00
-9999.00 19956.25
51.60 -60.16 -60.72 -105.51 496.35 140.04 9.38 0.00
-9999.00 20673.47
45.70 -59.06 -59.77 -106.05 516.51 121.16 9.77 0.00
-9999.00 21432.47
40.30 -59.36 -60.12 -106.59 534.63 101.98 6.56 0.00
-9999.00 22219.98
35.20 -57.46 -58.53 -107.18 560.62 83.66 3.52 0.00
-9999.00 23070.51
30.50 -52.56 -54.53 -84.74 597.38 56.31 7.01 0.00
-9999.00 23985.69
26.10 -48.56 -51.76 -85.65 635.87 76.69 18.58 0.00
-9999.00 25000.80
22.00 -46.66 -50.87 -86.63 673.30 84.21 28.92 0.00
-9999.00 26129.07

STID = KSLC STNM = 725720 TIME = 150619/1100
SLAT = 40.78 SLON = -111.97 SELV = 1273.00
STIM = 12

SHOW = -0.82 LIFT = 3.79 SWET = 186.57 KINX = 20.43
LCLP = 679.62 PWAT = 13.87 TOTL = 49.82 CAPE = 0.00
LCLT = 277.32 CINS = 0.00 EQLV = -9999.00 LFCT = -9999.00
BRCH = 0.00

PRES TMPC TMWC DWPC THTE DRCT SKNT OMEG
CFRL HGHT
867.00 24.14 14.15 7.70 333.49 200.73 7.69 0.00
-9999.00 1283.02
864.50 27.44 16.46 10.33 342.23 212.35 6.90 -0.10
-9999.00 1308.42
859.70 26.74 17.18 12.24 346.00 242.93 9.82 0.10
-9999.00 1357.64
851.60 26.64 16.32 10.68 343.91 251.57 12.91 0.40
-9999.00 1441.23
839.60 26.94 13.10 2.86 333.63 248.06 15.09 0.60
-9999.00 1566.40
824.30 26.04 11.32 -1.47 329.90 236.75 14.18 0.40
-9999.00 1728.19
806.00 24.34 10.08 -3.13 328.88 217.57 12.75 -0.20
-9999.00 1924.73
786.10 22.44 8.96 -4.00 328.64 207.41 11.82 -1.00
-9999.00 2142.22
764.40 20.44 8.17 -3.42 329.89 238.61 13.43 -1.60
-9999.00 2384.17
740.20 18.44 7.97 -1.02 333.55 259.29 14.64 -1.90
-9999.00 2660.43
713.40 16.74 5.93 -4.75 331.85 278.13 12.37 -1.60
-9999.00 2975.11
684.10 14.64 3.45 -10.00 329.72 267.92 10.70 -0.80
-9999.00 3330.38
652.30 11.74 1.46 -11.96 329.98 256.46 10.80 0.10
-9999.00 3729.96
617.90 8.04 -0.97 -13.84 330.05 241.59 13.48 0.60
-9999.00 4179.45
581.00 3.64 -3.87 -15.85 329.95 236.15 19.19 0.30
-9999.00 4682.94
541.60 -1.46 -7.33 -18.00 329.76 237.26 22.65 -0.30
-9999.00 5247.29
500.00 -6.66 -11.36 -21.82 329.62 242.66 25.82 -0.80
-9999.00 5877.40
459.80 -11.16 -15.50 -28.87 329.93 250.45 28.47 -0.90
-9999.00 6526.14
423.60 -15.36 -19.23 -35.29 331.17 255.87 28.66 -0.90
-9999.00 7150.21
391.20 -19.66 -22.60 -36.32 333.09 256.34 28.81 -0.70
-9999.00 7745.82
362.10 -24.26 -26.26 -36.64 334.42 253.95 29.53 -0.40
-9999.00 8314.35
335.70 -28.86 -30.20 -38.52 335.22 252.82 30.93 -0.30
-9999.00 8860.94
312.00 -33.16 -34.15 -42.22 335.86 253.07 32.71 -0.20
-9999.00 9380.00
290.70 -37.16 -37.95 -46.60 336.60 254.72 34.66 -0.30
-9999.00 9872.69
271.40 -40.86 -41.47 -50.36 337.65 257.30 36.26 -0.40
-9999.00 10343.59
254.20 -44.26 -44.74 -53.78 338.82 261.48 36.75 -0.50
-9999.00 10785.56
238.60 -47.46 -47.81 -56.15 340.09 266.00 36.24 -0.60
-9999.00 11206.96
224.20 -50.56 -50.81 -57.73 341.39 269.36 34.99 -0.60
-9999.00 11615.41
211.20 -53.36 -53.54 -59.43 342.85 271.60 34.81 -0.50
-9999.00 12002.19
199.20 -55.86 -55.99 -61.31 344.61 272.20 35.40 -0.40
-9999.00 12376.42
187.30 -58.16 -58.27 -63.48 346.97 270.93 35.77 -0.40
-9999.00 12766.16
175.40 -60.36 -60.46 -66.10 349.87 268.43 35.39 -0.30
-9999.00 13177.16
163.40 -62.36 -62.46 -69.52 353.61 265.18 34.72 -0.20
-9999.00 13616.53
151.50 -64.06 -64.14 -70.05 358.41 262.15 34.14 -0.10
-9999.00 14081.23
139.60 -65.56 -65.65 -75.30 364.20 260.54 34.29 -0.10
-9999.00 14580.14
127.60 -66.76 -66.84 -75.89 371.50 262.83 34.28 -0.10
-9999.00 15124.74
115.70 -67.36 -67.44 -76.53 380.92 265.96 33.13 0.00
-9999.00 15715.36
103.80 -66.16 -66.27 -77.23 395.19 265.48 27.10 0.00
-9999.00 16371.09
91.80 -64.46 -64.65 -102.91 412.60 256.18 12.21 0.00
-9999.00 17118.54
80.70 -65.46 -65.65 -103.50 426.01 235.30 6.15 0.00
-9999.00 17903.94
71.90 -62.86 -63.16 -104.03 445.79 275.19 8.59 0.00
-9999.00 18610.30
64.60 -62.36 -62.71 -104.51 460.71 203.96 5.74 0.00
-9999.00 19270.13
57.90 -61.36 -61.79 -105.00 477.59 178.92 10.30 0.00
-9999.00 19947.38
51.60 -59.76 -60.34 -105.51 497.28 173.00 11.16 0.00
-9999.00 20664.25
45.70 -59.56 -60.23 -106.05 515.30 149.66 9.23 0.00
-9999.00 21423.08
40.30 -59.06 -59.85 -106.59 535.38 118.81 4.44 0.00
-9999.00 22210.22
35.20 -55.96 -57.21 -107.18 564.52 57.17 7.17 0.00
-9999.00 23064.32
30.50 -52.86 -54.77 -84.74 596.57 61.13 17.31 0.00
-9999.00 23982.01
26.10 -50.86 -53.48 -85.65 629.36 83.40 23.68 0.00
-9999.00 24991.20
22.00 -48.36 -52.04 -86.63 668.25 86.55 22.59 0.00
-9999.00 26109.46

STID = KSLC STNM = 725720 TIME = 150619/1200
SLAT = 40.78 SLON = -111.97 SELV = 1273.00
STIM = 13

SHOW = 2.97 LIFT = 3.99 SWET = 98.03 KINX = 17.23
LCLP = 686.64 PWAT = 14.69 TOTL = 44.17 CAPE = 0.00
LCLT = 278.83 CINS = 0.00 EQLV = -9999.00 LFCT = -9999.00
BRCH = 0.00

PRES TMPC TMWC DWPC THTE DRCT SKNT OMEG
CFRL HGHT
867.60 24.94 15.07 9.11 336.66 231.58 7.19 0.00
-9999.00 1283.03
865.00 27.64 15.59 8.27 338.72 248.96 8.12 0.00
-9999.00 1309.47
860.30 27.64 15.30 7.64 338.36 252.30 9.59 0.30
-9999.00 1357.67
852.20 27.34 14.04 4.85 334.97 240.40 9.84 0.60
-9999.00 1441.27
840.30 26.54 12.26 0.73 330.60 211.43 12.30 0.50
-9999.00 1565.22
825.00 25.34 11.07 -1.42 329.07 197.56 16.11 -0.40
-9999.00 1726.54
806.70 23.64 10.39 -1.09 329.93 200.11 14.70 -1.20
-9999.00 1922.48
786.70 21.64 10.05 0.63 332.28 204.54 9.83 -1.40
-9999.00 2140.48
765.00 19.84 9.88 2.34 335.50 247.38 5.05 -1.00
-9999.00 2381.92
740.70 18.34 7.86 -1.23 333.11 310.82 11.30 -0.60
-9999.00 2658.95
713.90 16.44 5.94 -4.29 331.85 308.93 12.99 -0.30
-9999.00 2973.20
684.60 13.94 4.06 -6.42 331.55 286.35 15.19 0.20
-9999.00 3327.71
652.70 10.54 2.00 -7.61 331.63 268.43 14.20 0.90
-9999.00 3727.16
618.30 7.14 -0.86 -11.46 330.40 251.82 13.71 1.80
-9999.00 4174.90
581.40 3.34 -3.97 -15.59 329.66 246.37 20.37 2.10
-9999.00 4677.05
541.90 -1.46 -7.46 -18.62 329.40 242.01 24.43 1.10
-9999.00 5242.16
500.40 -6.36 -11.45 -23.44 329.31 243.08 27.90 -0.40
-9999.00 5870.63
460.10 -11.36 -15.72 -29.58 329.44 248.06 30.18 -1.60
-9999.00 6520.58
423.80 -15.76 -19.45 -34.64 330.72 251.80 30.49 -2.00
-9999.00 7145.30
391.40 -19.96 -22.91 -37.51 332.46 252.71 30.74 -2.00
-9999.00 7739.80
362.30 -24.36 -26.59 -39.89 333.74 251.79 31.72 -1.70
-9999.00 8307.54
335.90 -28.86 -30.51 -42.87 334.59 251.14 33.07 -1.50
-9999.00 8853.66
312.20 -33.26 -34.46 -45.96 335.27 251.67 34.61 -1.30
-9999.00 9372.25
290.80 -37.26 -38.15 -49.16 336.23 253.45 35.49 -1.20
-9999.00 9866.78
271.60 -40.96 -41.61 -51.68 337.35 256.19 35.83 -1.10
-9999.00 10334.78
254.30 -44.36 -44.81 -52.98 338.67 259.61 35.57 -0.90
-9999.00 10778.87
238.80 -47.46 -47.76 -54.30 340.09 263.35 35.23 -0.80
-9999.00 11197.23
224.40 -50.46 -50.69 -56.65 341.50 267.14 35.03 -0.60
-9999.00 11605.42
211.30 -53.36 -53.51 -58.21 342.85 270.31 35.77 -0.40
-9999.00 11995.00
199.40 -55.96 -56.07 -59.88 344.40 271.82 36.76 -0.20
-9999.00 12365.75
187.40 -58.46 -58.56 -63.47 346.43 271.19 37.52 -0.10
-9999.00 12758.10
175.50 -60.76 -60.85 -66.10 349.15 269.41 37.91 0.00
-9999.00 13168.21
163.50 -62.76 -62.85 -69.51 352.88 267.65 37.94 0.00
-9999.00 13606.49
151.60 -64.46 -64.53 -70.04 357.66 266.09 37.02 0.00
-9999.00 14070.01
139.70 -65.76 -65.85 -75.30 363.77 264.38 35.74 0.00
-9999.00 14567.85
127.70 -66.66 -66.74 -75.88 371.60 262.32 34.91 0.00
-9999.00 15111.92
115.80 -66.96 -67.05 -76.52 381.57 261.78 33.98 0.00
-9999.00 15702.77
103.80 -65.86 -65.98 -77.23 395.77 261.37 28.51 -0.10
-9999.00 16364.84
91.90 -64.16 -64.36 -102.91 413.06 254.32 11.51 0.00
-9999.00 17106.73
80.80 -65.66 -65.85 -103.50 425.45 219.29 5.53 0.00
-9999.00 17891.41
71.90 -64.16 -64.41 -104.03 443.03 241.39 9.74 0.00
-9999.00 18602.79
64.70 -61.96 -62.32 -104.50 461.38 209.58 8.27 0.00
-9999.00 19251.70
57.90 -60.96 -61.42 -105.00 478.50 193.24 10.18 0.00
-9999.00 19939.81
51.60 -60.26 -60.81 -105.51 496.12 239.04 6.80 0.00
-9999.00 20656.51
45.80 -58.86 -59.58 -106.04 516.67 215.54 3.34 0.00
-9999.00 21402.03
40.30 -56.66 -57.69 -106.59 541.38 94.76 4.68 0.00
-9999.00 22208.65
35.30 -53.06 -54.74 -107.17 571.59 75.96 16.03 0.00
-9999.00 23055.12
30.50 -53.26 -55.10 -84.74 595.49 89.56 25.46 0.00
-9999.00 23996.33
26.10 -52.56 -54.79 -85.65 624.54 94.54 24.57 0.00
-9999.00 25000.72
22.00 -49.46 -52.82 -86.63 664.98 95.02 17.76 0.00
-9999.00 26111.99

STID = KSLC STNM = 725720 TIME = 150619/1300
SLAT = 40.78 SLON = -111.97 SELV = 1273.00
STIM = 14

SHOW = 7.21 LIFT = 4.98 SWET = 58.23 KINX = 7.42
LCLP = 661.32 PWAT = 12.99 TOTL = 35.91 CAPE = 0.00
LCLT = 275.43 CINS = 0.00 EQLV = -9999.00 LFCT = -9999.00
BRCH = 0.00

PRES TMPC TMWC DWPC THTE DRCT SKNT OMEG
CFRL HGHT
868.20 24.54 13.64 6.17 331.47 208.18 6.17 -0.10
-9999.00 1283.03
865.70 25.64 12.77 2.83 328.68 199.29 8.24 -0.30
-9999.00 1308.30
861.00 25.94 12.02 0.26 326.79 205.02 9.65 -0.60
-9999.00 1356.08
852.90 25.54 10.98 -2.73 324.57 192.53 14.34 -0.90
-9999.00 1438.99
841.00 26.24 10.56 -5.25 324.80 186.95 16.06 -1.00
-9999.00 1562.23
825.70 25.54 10.89 -2.35 328.34 192.53 14.34 -0.70
-9999.00 1723.29
807.40 23.44 10.69 0.09 330.84 232.70 10.26 -0.30
-9999.00 1919.08
787.30 21.24 10.57 2.45 333.96 254.65 10.28 0.00
-9999.00 2137.83
765.60 20.74 8.80 -1.74 331.69 288.92 7.19 0.00
-9999.00 2379.23
741.30 19.04 6.43 -7.24 328.38 314.31 11.41 -0.10
-9999.00 2656.53
714.50 16.44 5.14 -7.17 329.32 310.87 13.37 -0.20
-9999.00 2970.66
685.20 13.64 4.00 -6.18 331.30 291.80 13.61 -0.40
-9999.00 3324.61
653.30 10.74 1.59 -9.47 330.33 265.87 16.18 -0.80
-9999.00 3723.58
618.90 7.14 -0.95 -11.84 330.04 250.95 17.27 -1.20
-9999.00 4170.98
581.90 3.14 -3.90 -14.80 329.76 243.91 20.78 -1.50
-9999.00 4673.86
542.40 -1.46 -7.46 -18.68 329.28 245.22 25.05 -1.60
-9999.00 5238.28
500.80 -6.66 -11.55 -22.96 329.03 250.22 28.71 -1.40
-9999.00 5867.38
460.50 -11.66 -15.71 -27.92 329.40 252.37 30.80 -1.20
-9999.00 6516.09
424.20 -16.06 -19.57 -33.62 330.43 252.46 31.60 -1.00
-9999.00 7139.55
391.80 -20.26 -23.19 -38.28 331.86 253.07 32.71 -0.70
-9999.00 7732.77
362.60 -24.66 -26.87 -40.48 333.19 254.19 33.54 -0.40
-9999.00 8301.25
336.20 -29.06 -30.63 -42.16 334.31 254.55 34.28 -0.20
-9999.00 8846.35
312.50 -33.16 -34.30 -44.67 335.43 254.80 34.85 -0.10
-9999.00 9364.36
291.10 -36.96 -37.81 -47.53 336.68 256.89 35.13 -0.10
-9999.00 9858.83
271.80 -40.46 -41.11 -50.35 338.09 259.50 35.19 0.00
-9999.00 10329.65
254.50 -43.86 -44.32 -52.24 339.38 262.36 35.11 0.00
-9999.00 10774.38
239.00 -47.06 -47.39 -54.30 340.62 264.57 34.95 -0.10
-9999.00 11193.22
224.50 -50.36 -50.57 -55.68 341.65 267.44 34.83 -0.10
-9999.00 11604.44
211.50 -53.36 -53.51 -58.20 342.75 269.05 35.19 -0.20
-9999.00 11990.87
199.50 -56.06 -56.16 -59.88 344.19 269.38 36.16 -0.20
-9999.00 12364.38
187.60 -58.46 -58.56 -63.47 346.33 267.89 36.96 -0.30
-9999.00 12753.07
175.60 -60.76 -60.85 -66.09 349.10 265.56 37.63 -0.30
-9999.00 13166.28
163.70 -62.86 -62.95 -69.50 352.59 263.79 37.74 -0.20
-9999.00 13600.41
151.70 -64.66 -64.73 -70.04 357.25 263.17 37.59 -0.10
-9999.00 14067.06
139.80 -65.96 -66.04 -75.29 363.35 263.40 37.18 0.10
-9999.00 14564.08
127.80 -66.46 -66.55 -75.88 371.88 265.16 36.87 0.10
-9999.00 15107.74
115.90 -65.96 -66.06 -76.52 383.32 267.12 34.84 0.10
-9999.00 15699.82
103.90 -65.06 -65.19 -77.22 397.19 264.50 26.36 0.00
-9999.00 16364.16
91.90 -64.96 -65.14 -102.91 411.48 239.89 11.24 -0.10
-9999.00 17111.93
80.80 -66.06 -66.24 -103.50 424.63 220.16 8.14 -0.10
-9999.00 17894.34
71.90 -63.76 -64.02 -104.03 443.88 225.00 12.37 0.00
-9999.00 18605.72
64.70 -61.16 -61.56 -104.50 463.13 190.06 12.24 -0.10
-9999.00 19256.48
57.90 -61.66 -62.08 -105.00 476.92 190.78 8.31 0.00
-9999.00 19944.76
51.60 -59.26 -59.88 -105.51 498.45 258.23 4.77 0.00
-9999.00 20661.97
45.80 -58.36 -59.12 -106.04 517.87 94.57 4.88 0.00
-9999.00 21410.10
40.30 -56.56 -57.61 -106.59 541.63 66.93 11.41 0.00
-9999.00 22217.85
35.30 -55.76 -57.04 -107.17 564.58 84.35 17.77 0.00
-9999.00 23059.27
30.50 -55.16 -56.68 -84.74 590.34 103.28 17.77 0.00
-9999.00 23990.64
26.10 -51.46 -53.94 -85.65 627.66 98.80 16.52 0.00
-9999.00 24993.21
22.00 -47.76 -51.62 -86.63 670.03 79.41 21.16 0.00
-9999.00 26111.48

STID = KSLC STNM = 725720 TIME = 150619/1400
SLAT = 40.78 SLON = -111.97 SELV = 1273.00
STIM = 15

SHOW = 6.59 LIFT = 5.23 SWET = 58.33 KINX = 6.25
LCLP = 668.24 PWAT = 12.06 TOTL = 37.23 CAPE = 0.00
LCLT = 276.29 CINS = 0.00 EQLV = -9999.00 LFCT = -9999.00
BRCH = 0.00

PRES TMPC TMWC DWPC THTE DRCT SKNT OMEG
CFRL HGHT
868.70 24.64 14.00 6.92 332.63 86.42 3.12 0.10
-9999.00 1283.08
866.10 25.14 12.30 1.99 327.10 139.40 3.58 0.10
-9999.00 1309.33
861.40 25.94 12.06 0.39 326.87 199.09 5.35 0.00
-9999.00 1357.04
853.40 26.04 11.32 -2.18 325.53 196.53 12.98 -0.10
-9999.00 1438.96
841.40 25.94 10.85 -3.55 325.75 193.36 15.98 -0.40
-9999.00 1563.23
826.10 25.14 10.72 -2.45 327.75 196.77 14.82 -0.70
-9999.00 1724.05
807.80 23.34 10.18 -1.45 329.09 211.89 10.30 -0.80
-9999.00 1919.54
787.80 21.14 9.69 0.12 330.98 242.10 7.48 -0.80
-9999.00 2136.92
766.00 19.94 8.41 -1.98 330.48 263.83 7.23 -0.60
-9999.00 2378.84
741.80 18.54 5.91 -8.59 326.79 301.48 11.17 -0.30
-9999.00 2654.19
715.00 16.14 4.35 -9.98 326.92 306.50 12.09 -0.20
-9999.00 2967.59
685.60 13.14 3.03 -8.99 328.46 296.97 12.43 -0.20
-9999.00 3321.88
653.70 10.14 1.07 -10.43 328.89 270.74 14.97 -0.40
-9999.00 3719.74
619.30 6.94 -1.29 -12.87 329.09 249.30 18.70 -0.50
-9999.00 4166.17
582.30 3.04 -4.23 -16.07 328.88 245.04 24.87 -0.60
-9999.00 4668.38
542.80 -1.66 -7.67 -19.19 328.73 248.34 29.49 -0.80
-9999.00 5232.05
501.10 -6.76 -11.66 -23.24 328.75 250.76 30.68 -1.00
-9999.00 5861.86
460.80 -11.66 -15.81 -28.71 329.13 250.32 31.17 -1.10
-9999.00 6510.02
424.50 -16.16 -19.71 -34.41 330.09 251.67 32.15 -1.00
-9999.00 7132.93
392.10 -20.46 -23.32 -38.01 331.56 255.24 33.57 -0.70
-9999.00 7725.35
362.90 -24.76 -26.86 -39.30 333.13 258.31 34.54 -0.30
-9999.00 8293.05
336.40 -29.06 -30.50 -40.31 334.48 259.92 35.54 -0.10
-9999.00 8839.73
312.70 -33.16 -34.15 -42.20 335.64 261.14 36.59 0.10
-9999.00 9357.44
291.30 -36.86 -37.56 -44.55 337.03 261.91 37.30 0.20
-9999.00 9851.70
272.00 -40.46 -40.99 -47.66 338.22 262.80 37.23 0.20
-9999.00 10322.31
254.70 -43.76 -44.18 -50.91 339.53 263.25 36.41 0.10
-9999.00 10766.81
239.10 -46.96 -47.27 -53.50 340.77 264.10 35.96 0.00
-9999.00 11188.29
224.70 -50.16 -50.40 -56.64 341.83 265.31 35.69 -0.10
-9999.00 11596.68
211.60 -52.96 -53.15 -59.42 343.29 266.60 36.02 -0.20
-9999.00 11986.33
199.60 -55.56 -55.70 -61.29 344.89 266.92 36.21 -0.40
-9999.00 12360.43
187.70 -58.06 -58.17 -63.46 346.92 266.94 36.40 -0.60
-9999.00 12749.73
175.70 -60.56 -60.65 -66.09 349.37 265.41 36.47 -0.70
-9999.00 13163.29
163.80 -63.06 -63.14 -69.50 352.19 263.90 36.56 -0.70
-9999.00 13597.17
151.80 -65.26 -65.32 -70.03 356.16 262.39 36.67 -0.60
-9999.00 14062.63
139.80 -66.46 -66.54 -75.29 362.47 262.84 37.42 -0.30
-9999.00 14562.33
127.90 -66.56 -66.64 -75.87 371.61 265.31 38.03 0.00
-9999.00 15100.48
115.90 -65.66 -65.77 -76.52 383.88 266.63 36.41 0.10
-9999.00 15697.58
104.00 -64.46 -64.63 -102.34 398.16 259.28 26.11 0.10
-9999.00 16357.50
92.00 -64.66 -64.85 -102.90 411.95 219.81 13.66 0.00
-9999.00 17106.11
80.90 -64.96 -65.16 -103.49 426.73 205.56 9.91 0.00
-9999.00 17890.25
72.00 -63.66 -63.93 -104.02 443.92 197.40 13.65 0.00
-9999.00 18602.75
64.70 -62.26 -62.61 -104.50 460.73 171.33 11.60 0.00
-9999.00 19260.52
58.00 -62.66 -63.03 -104.99 474.43 182.05 5.45 0.00
-9999.00 19934.74
51.60 -61.46 -61.94 -105.51 493.32 323.97 5.29 0.00
-9999.00 20657.21
45.80 -59.16 -59.86 -106.04 515.95 25.56 4.96 0.00
-9999.00 21400.11
40.40 -57.66 -58.58 -106.58 538.50 52.55 11.51 0.00
-9999.00 22188.72
35.30 -55.06 -56.43 -107.17 566.40 81.03 11.22 0.00
-9999.00 23045.10
30.50 -50.96 -53.26 -84.74 601.72 104.04 12.02 0.00
-9999.00 23986.95
26.10 -47.96 -51.33 -85.65 637.57 106.61 23.12 0.00
-9999.00 25007.08
22.00 -47.26 -51.28 -86.63 671.52 96.66 26.81 0.00
-9999.00 26135.35
STN YYMMDD/HHMM PMSL PRES SKTC STC1 SNFL WTNS
P01M C01M STC2 LCLD MCLD HCLD
SNRA UWND VWND R01M BFGR T2MS
Q2MS WXTS WXTP WXTZ WXTR USTM
VSTM HLCY SLLH WSYM CDBP VSBK
TD2M
725720 150618/2300 1004.20 868.90 27.94 301.10 -9999.00 0.00
-9999.00 -9999.00 301.90 -9999.00 -9999.00 -9999.00
0.00 0.20 -5.50 -9999.00 -9999.00 28.94
20.33 0.00 0.00 0.00 0.00 8.00
-0.90 -7.90 -9999.00 999.00 -9999.00 -10.00
22.92
725720 150619/0000 1003.40 868.30 27.94 301.10 0.00 0.00
0.00 -9999.00 301.40 -9999.00 -9999.00 -9999.00
0.00 -1.50 -2.70 -9999.00 -9999.00 29.34
20.15 0.00 0.00 0.00 0.00 8.60
-2.90 -38.90 0.96 999.00 -9999.00 -10.00
22.76
725720 150619/0100 1002.40 867.40 27.34 300.50 0.00 0.00
0.00 -9999.00 300.90 -9999.00 -9999.00 -9999.00
0.00 -1.80 -2.50 -9999.00 -9999.00 28.94
20.19 0.00 0.00 0.00 0.00 9.00
-3.20 -62.70 0.62 999.00 -9999.00 -10.00
22.78
725720 150619/0200 1002.70 867.50 26.74 299.90 0.00 0.00
0.00 -9999.00 300.40 -9999.00 -9999.00 -9999.00
0.00 1.00 0.40 -9999.00 -9999.00 27.74
20.76 0.00 0.00 0.00 0.00 7.40
-4.30 -2.00 0.27 999.00 -9999.00 -10.00
23.23
725720 150619/0300 1002.30 866.80 24.14 297.30 0.00 0.00
0.00 -9999.00 298.10 -9999.00 -9999.00 -9999.00
0.00 2.20 -0.10 -9999.00 -9999.00 25.04
20.23 0.00 0.00 0.00 0.00 6.50
-5.00 15.40 0.09 999.00 -9999.00 -10.00
22.80
725720 150619/0400 1002.90 867.30 22.94 296.10 0.00 0.00
0.00 -9999.00 296.80 -9999.00 -9999.00 -9999.00
0.00 -0.30 0.00 -9999.00 -9999.00 26.14
18.63 0.00 0.00 0.00 0.00 7.30
-4.70 51.30 0.01 999.00 -9999.00 -10.00
21.47
725720 150619/0500 1003.30 867.70 21.94 295.10 0.00 0.00
0.00 -9999.00 295.80 -9999.00 -9999.00 -9999.00
0.00 -1.70 2.20 -9999.00 -9999.00 23.74
17.17 0.00 0.00 0.00 0.00 6.10
-4.40 68.30 0.05 999.00 -9999.00 -10.00
20.17
725720 150619/0600 1003.20 867.10 20.14 293.30 0.00 0.00
0.00 -9999.00 294.20 -9999.00 -9999.00 -9999.00
0.00 -1.80 2.80 -9999.00 -9999.00 22.64
14.55 0.00 0.00 0.00 0.00 4.20
-2.60 107.60 0.21 999.00 -9999.00 -10.00
17.53
725720 150619/0700 1003.10 866.80 18.44 291.60 0.00 0.00
0.00 -9999.00 292.50 -9999.00 -9999.00 -9999.00
0.00 -2.10 2.60 -9999.00 -9999.00 21.04
12.87 0.00 0.00 0.00 0.00 1.80
-0.90 127.20 0.19 999.00 -9999.00 -10.00
15.61
725720 150619/0800 1002.80 866.60 17.44 290.60 0.00 0.00
0.00 -9999.00 291.50 -9999.00 -9999.00 -9999.00
0.00 -2.30 3.10 -9999.00 -9999.00 21.14
11.79 0.00 0.00 0.00 0.00 1.60
-1.10 147.30 0.25 999.00 -9999.00 -10.00
14.26
725720 150619/0900 1003.20 866.90 17.24 290.40 0.00 0.00
0.00 -9999.00 291.10 -9999.00 -9999.00 -9999.00
0.00 -1.00 1.70 -9999.00 -9999.00 19.74
12.20 0.00 0.00 0.00 0.00 1.70
-1.40 137.20 0.04 999.00 -9999.00 -10.00
14.79
725720 150619/1000 1003.80 867.50 17.14 290.30 0.00 0.00
0.00 -9999.00 290.90 -9999.00 -9999.00 -9999.00
0.00 1.00 1.70 -9999.00 -9999.00 19.94
11.74 0.00 0.00 0.00 0.00 1.70
-1.30 77.40 0.05 999.00 -9999.00 -10.00
14.21
725720 150619/1100 1004.30 868.00 16.94 290.10 0.00 0.00
0.00 -9999.00 290.70 -9999.00 -9999.00 -9999.00
0.00 0.40 3.60 -9999.00 -9999.00 19.84
12.11 0.00 0.00 0.00 0.00 8.50
-3.80 15.30 0.08 999.00 -9999.00 -10.00
14.70
725720 150619/1200 1004.90 868.60 16.94 290.10 0.00 0.00
0.00 -9999.00 290.60 -9999.00 -9999.00 -9999.00
0.00 1.90 2.80 -9999.00 -9999.00 20.04
12.45 0.00 0.00 0.00 0.00 7.40
-4.60 -38.50 0.05 999.00 -9999.00 -10.00
15.13
725720 150619/1300 1005.80 869.20 18.74 291.90 0.00 0.00
0.00 -9999.00 291.90 -9999.00 -9999.00 -9999.00
0.00 0.50 2.30 -9999.00 -9999.00 20.94
13.30 0.00 0.00 0.00 0.00 6.90
-4.70 -37.90 0.06 999.00 -9999.00 -10.00
16.17
725720 150619/1400 1006.20 869.70 22.64 295.80 0.00 0.00
0.00 -9999.00 295.20 -9999.00 -9999.00 -9999.00
0.00 -1.70 0.00 -9999.00 -9999.00 23.44
15.95 0.00 0.00 0.00 0.00 7.40
-4.40 -7.20 0.12 999.00 -9999.00 -10.00
19.03


